colorID: 0     -0.8804347826086957 -0.8846153846153847 -0.875
colorID: 1     -0.8804347826086957 -0.8846153846153847 -0.59375
colorID: 2     -0.8804347826086957 -0.8846153846153847 -0.3125
colorID: 3     -0.8804347826086957 -0.8846153846153847 -0.03726851851851852
colorID: 4     -0.8804347826086957 -0.8846153846153847 0.17777777777777778
colorID: 5     -0.8804347826086957 -0.8846153846153847 0.3777777777777778
colorID: 6     -0.8804347826086957 -0.8846153846153847 0.5777777777777778
colorID: 7     -0.8804347826086957 -0.8846153846153847 0.7777777777777778
colorID: 8     -0.8804347826086957 -0.6153846153846153 -0.875
colorID: 9     -0.8804347826086957 -0.6153846153846153 -0.59375
colorID: 10     -0.8804347826086957 -0.6153846153846153 -0.3125
colorID: 11     -0.8804347826086957 -0.6153846153846153 -0.03726851851851852
colorID: 12     -0.8804347826086957 -0.6153846153846153 0.17777777777777778
colorID: 13     -0.8804347826086957 -0.6153846153846153 0.3777777777777778
colorID: 14     -0.8804347826086957 -0.6153846153846153 0.5777777777777778
colorID: 15     -0.8804347826086957 -0.6153846153846153 0.7777777777777778
colorID: 16     -0.8804347826086957 -0.3461538461538462 -0.875
colorID: 17     -0.8804347826086957 -0.3461538461538462 -0.59375
colorID: 18     -0.8804347826086957 -0.3461538461538462 -0.3125
colorID: 19     -0.8804347826086957 -0.3461538461538462 -0.03726851851851852
colorID: 20     -0.8804347826086957 -0.3461538461538462 0.17777777777777778
colorID: 21     -0.8804347826086957 -0.3461538461538462 0.3777777777777778
colorID: 22     -0.8804347826086957 -0.3461538461538462 0.5777777777777778
colorID: 23     -0.8804347826086957 -0.3461538461538462 0.7777777777777778
colorID: 24     -0.8804347826086957 -0.07765567765567764 -0.875
colorID: 25     -0.8804347826086957 -0.07765567765567764 -0.59375
colorID: 26     -0.8804347826086957 -0.07765567765567764 -0.3125
colorID: 27     -0.8804347826086957 -0.07765567765567764 -0.03726851851851852
colorID: 28     -0.8804347826086957 -0.07765567765567764 0.17777777777777778
colorID: 29     -0.8804347826086957 -0.07765567765567764 0.3777777777777778
colorID: 30     -0.8804347826086957 -0.07765567765567764 0.5777777777777778
colorID: 31     -0.8804347826086957 -0.07765567765567764 0.7777777777777778
colorID: 32     -0.8804347826086957 0.16666666666666669 -0.875
colorID: 33     -0.8804347826086957 0.16666666666666669 -0.59375
colorID: 34     -0.8804347826086957 0.16666666666666669 -0.3125
colorID: 35     -0.8804347826086957 0.16666666666666669 -0.03726851851851852
colorID: 36     -0.8804347826086957 0.16666666666666669 0.17777777777777778
colorID: 37     -0.8804347826086957 0.16666666666666669 0.3777777777777778
colorID: 38     -0.8804347826086957 0.16666666666666669 0.5777777777777778
colorID: 39     -0.8804347826086957 0.16666666666666669 0.7777777777777778
colorID: 40     -0.8804347826086957 0.39999999999999997 -0.875
colorID: 41     -0.8804347826086957 0.39999999999999997 -0.59375
colorID: 42     -0.8804347826086957 0.39999999999999997 -0.3125
colorID: 43     -0.8804347826086957 0.39999999999999997 -0.03726851851851852
colorID: 44     -0.8804347826086957 0.39999999999999997 0.17777777777777778
colorID: 45     -0.8804347826086957 0.39999999999999997 0.3777777777777778
colorID: 46     -0.8804347826086957 0.39999999999999997 0.5777777777777778
colorID: 47     -0.8804347826086957 0.39999999999999997 0.7777777777777778
colorID: 48     -0.8804347826086957 0.6333333333333334 -0.875
colorID: 49     -0.8804347826086957 0.6333333333333334 -0.59375
colorID: 50     -0.8804347826086957 0.6333333333333334 -0.3125
colorID: 51     -0.8804347826086957 0.6333333333333334 -0.03726851851851852
colorID: 52     -0.8804347826086957 0.6333333333333334 0.17777777777777778
colorID: 53     -0.8804347826086957 0.6333333333333334 0.3777777777777778
colorID: 54     -0.8804347826086957 0.6333333333333334 0.5777777777777778
colorID: 55     -0.8804347826086957 0.6333333333333334 0.7777777777777778
colorID: 56     -0.8804347826086957 0.8666666666666668 -0.875
colorID: 57     -0.8804347826086957 0.8666666666666668 -0.59375
colorID: 58     -0.8804347826086957 0.8666666666666668 -0.3125
colorID: 59     -0.8804347826086957 0.8666666666666668 -0.03726851851851852
colorID: 60     -0.8804347826086957 0.8666666666666668 0.17777777777777778
colorID: 61     -0.8804347826086957 0.8666666666666668 0.3777777777777778
colorID: 62     -0.8804347826086957 0.8666666666666668 0.5777777777777778
colorID: 63     -0.8804347826086957 0.8666666666666668 0.7777777777777778
colorID: 64     -0.6195652173913043 -0.8846153846153847 -0.875
colorID: 65     -0.6195652173913043 -0.8846153846153847 -0.59375
colorID: 66     -0.6195652173913043 -0.8846153846153847 -0.3125
colorID: 67     -0.6195652173913043 -0.8846153846153847 -0.03726851851851852
colorID: 68     -0.6195652173913043 -0.8846153846153847 0.17777777777777778
colorID: 69     -0.6195652173913043 -0.8846153846153847 0.3777777777777778
colorID: 70     -0.6195652173913043 -0.8846153846153847 0.5777777777777778
colorID: 71     -0.6195652173913043 -0.8846153846153847 0.7777777777777778
colorID: 72     -0.6195652173913043 -0.6153846153846153 -0.875
colorID: 73     -0.6195652173913043 -0.6153846153846153 -0.59375
colorID: 74     -0.6195652173913043 -0.6153846153846153 -0.3125
colorID: 75     -0.6195652173913043 -0.6153846153846153 -0.03726851851851852
colorID: 76     -0.6195652173913043 -0.6153846153846153 0.17777777777777778
colorID: 77     -0.6195652173913043 -0.6153846153846153 0.3777777777777778
colorID: 78     -0.6195652173913043 -0.6153846153846153 0.5777777777777778
colorID: 79     -0.6195652173913043 -0.6153846153846153 0.7777777777777778
colorID: 80     -0.6195652173913043 -0.3461538461538462 -0.875
colorID: 81     -0.6195652173913043 -0.3461538461538462 -0.59375
colorID: 82     -0.6195652173913043 -0.3461538461538462 -0.3125
colorID: 83     -0.6195652173913043 -0.3461538461538462 -0.03726851851851852
colorID: 84     -0.6195652173913043 -0.3461538461538462 0.17777777777777778
colorID: 85     -0.6195652173913043 -0.3461538461538462 0.3777777777777778
colorID: 86     -0.6195652173913043 -0.3461538461538462 0.5777777777777778
colorID: 87     -0.6195652173913043 -0.3461538461538462 0.7777777777777778
colorID: 88     -0.6195652173913043 -0.07765567765567764 -0.875
colorID: 89     -0.6195652173913043 -0.07765567765567764 -0.59375
colorID: 90     -0.6195652173913043 -0.07765567765567764 -0.3125
colorID: 91     -0.6195652173913043 -0.07765567765567764 -0.03726851851851852
colorID: 92     -0.6195652173913043 -0.07765567765567764 0.17777777777777778
colorID: 93     -0.6195652173913043 -0.07765567765567764 0.3777777777777778
colorID: 94     -0.6195652173913043 -0.07765567765567764 0.5777777777777778
colorID: 95     -0.6195652173913043 -0.07765567765567764 0.7777777777777778
colorID: 96     -0.6195652173913043 0.16666666666666669 -0.875
colorID: 97     -0.6195652173913043 0.16666666666666669 -0.59375
colorID: 98     -0.6195652173913043 0.16666666666666669 -0.3125
colorID: 99     -0.6195652173913043 0.16666666666666669 -0.03726851851851852
colorID: 100     -0.6195652173913043 0.16666666666666669 0.17777777777777778
colorID: 101     -0.6195652173913043 0.16666666666666669 0.3777777777777778
colorID: 102     -0.6195652173913043 0.16666666666666669 0.5777777777777778
colorID: 103     -0.6195652173913043 0.16666666666666669 0.7777777777777778
colorID: 104     -0.6195652173913043 0.39999999999999997 -0.875
colorID: 105     -0.6195652173913043 0.39999999999999997 -0.59375
colorID: 106     -0.6195652173913043 0.39999999999999997 -0.3125
colorID: 107     -0.6195652173913043 0.39999999999999997 -0.03726851851851852
colorID: 108     -0.6195652173913043 0.39999999999999997 0.17777777777777778
colorID: 109     -0.6195652173913043 0.39999999999999997 0.3777777777777778
colorID: 110     -0.6195652173913043 0.39999999999999997 0.5777777777777778
colorID: 111     -0.6195652173913043 0.39999999999999997 0.7777777777777778
colorID: 112     -0.6195652173913043 0.6333333333333334 -0.875
colorID: 113     -0.6195652173913043 0.6333333333333334 -0.59375
colorID: 114     -0.6195652173913043 0.6333333333333334 -0.3125
colorID: 115     -0.6195652173913043 0.6333333333333334 -0.03726851851851852
colorID: 116     -0.6195652173913043 0.6333333333333334 0.17777777777777778
colorID: 117     -0.6195652173913043 0.6333333333333334 0.3777777777777778
colorID: 118     -0.6195652173913043 0.6333333333333334 0.5777777777777778
colorID: 119     -0.6195652173913043 0.6333333333333334 0.7777777777777778
colorID: 120     -0.6195652173913043 0.8666666666666668 -0.875
colorID: 121     -0.6195652173913043 0.8666666666666668 -0.59375
colorID: 122     -0.6195652173913043 0.8666666666666668 -0.3125
colorID: 123     -0.6195652173913043 0.8666666666666668 -0.03726851851851852
colorID: 124     -0.6195652173913043 0.8666666666666668 0.17777777777777778
colorID: 125     -0.6195652173913043 0.8666666666666668 0.3777777777777778
colorID: 126     -0.6195652173913043 0.8666666666666668 0.5777777777777778
colorID: 127     -0.6195652173913043 0.8666666666666668 0.7777777777777778
colorID: 128     -0.358695652173913 -0.8846153846153847 -0.875
colorID: 129     -0.358695652173913 -0.8846153846153847 -0.59375
colorID: 130     -0.358695652173913 -0.8846153846153847 -0.3125
colorID: 131     -0.358695652173913 -0.8846153846153847 -0.03726851851851852
colorID: 132     -0.358695652173913 -0.8846153846153847 0.17777777777777778
colorID: 133     -0.358695652173913 -0.8846153846153847 0.3777777777777778
colorID: 134     -0.358695652173913 -0.8846153846153847 0.5777777777777778
colorID: 135     -0.358695652173913 -0.8846153846153847 0.7777777777777778
colorID: 136     -0.358695652173913 -0.6153846153846153 -0.875
colorID: 137     -0.358695652173913 -0.6153846153846153 -0.59375
colorID: 138     -0.358695652173913 -0.6153846153846153 -0.3125
colorID: 139     -0.358695652173913 -0.6153846153846153 -0.03726851851851852
colorID: 140     -0.358695652173913 -0.6153846153846153 0.17777777777777778
colorID: 141     -0.358695652173913 -0.6153846153846153 0.3777777777777778
colorID: 142     -0.358695652173913 -0.6153846153846153 0.5777777777777778
colorID: 143     -0.358695652173913 -0.6153846153846153 0.7777777777777778
colorID: 144     -0.358695652173913 -0.3461538461538462 -0.875
colorID: 145     -0.358695652173913 -0.3461538461538462 -0.59375
colorID: 146     -0.358695652173913 -0.3461538461538462 -0.3125
colorID: 147     -0.358695652173913 -0.3461538461538462 -0.03726851851851852
colorID: 148     -0.358695652173913 -0.3461538461538462 0.17777777777777778
colorID: 149     -0.358695652173913 -0.3461538461538462 0.3777777777777778
colorID: 150     -0.358695652173913 -0.3461538461538462 0.5777777777777778
colorID: 151     -0.358695652173913 -0.3461538461538462 0.7777777777777778
colorID: 152     -0.358695652173913 -0.07765567765567764 -0.875
colorID: 153     -0.358695652173913 -0.07765567765567764 -0.59375
colorID: 154     -0.358695652173913 -0.07765567765567764 -0.3125
colorID: 155     -0.358695652173913 -0.07765567765567764 -0.03726851851851852
colorID: 156     -0.358695652173913 -0.07765567765567764 0.17777777777777778
colorID: 157     -0.358695652173913 -0.07765567765567764 0.3777777777777778
colorID: 158     -0.358695652173913 -0.07765567765567764 0.5777777777777778
colorID: 159     -0.358695652173913 -0.07765567765567764 0.7777777777777778
colorID: 160     -0.358695652173913 0.16666666666666669 -0.875
colorID: 161     -0.358695652173913 0.16666666666666669 -0.59375
colorID: 162     -0.358695652173913 0.16666666666666669 -0.3125
colorID: 163     -0.358695652173913 0.16666666666666669 -0.03726851851851852
colorID: 164     -0.358695652173913 0.16666666666666669 0.17777777777777778
colorID: 165     -0.358695652173913 0.16666666666666669 0.3777777777777778
colorID: 166     -0.358695652173913 0.16666666666666669 0.5777777777777778
colorID: 167     -0.358695652173913 0.16666666666666669 0.7777777777777778
colorID: 168     -0.358695652173913 0.39999999999999997 -0.875
colorID: 169     -0.358695652173913 0.39999999999999997 -0.59375
colorID: 170     -0.358695652173913 0.39999999999999997 -0.3125
colorID: 171     -0.358695652173913 0.39999999999999997 -0.03726851851851852
colorID: 172     -0.358695652173913 0.39999999999999997 0.17777777777777778
colorID: 173     -0.358695652173913 0.39999999999999997 0.3777777777777778
colorID: 174     -0.358695652173913 0.39999999999999997 0.5777777777777778
colorID: 175     -0.358695652173913 0.39999999999999997 0.7777777777777778
colorID: 176     -0.358695652173913 0.6333333333333334 -0.875
colorID: 177     -0.358695652173913 0.6333333333333334 -0.59375
colorID: 178     -0.358695652173913 0.6333333333333334 -0.3125
colorID: 179     -0.358695652173913 0.6333333333333334 -0.03726851851851852
colorID: 180     -0.358695652173913 0.6333333333333334 0.17777777777777778
colorID: 181     -0.358695652173913 0.6333333333333334 0.3777777777777778
colorID: 182     -0.358695652173913 0.6333333333333334 0.5777777777777778
colorID: 183     -0.358695652173913 0.6333333333333334 0.7777777777777778
colorID: 184     -0.358695652173913 0.8666666666666668 -0.875
colorID: 185     -0.358695652173913 0.8666666666666668 -0.59375
colorID: 186     -0.358695652173913 0.8666666666666668 -0.3125
colorID: 187     -0.358695652173913 0.8666666666666668 -0.03726851851851852
colorID: 188     -0.358695652173913 0.8666666666666668 0.17777777777777778
colorID: 189     -0.358695652173913 0.8666666666666668 0.3777777777777778
colorID: 190     -0.358695652173913 0.8666666666666668 0.5777777777777778
colorID: 191     -0.358695652173913 0.8666666666666668 0.7777777777777778
colorID: 192     -0.09797101449275362 -0.8846153846153847 -0.875
colorID: 193     -0.09797101449275362 -0.8846153846153847 -0.59375
colorID: 194     -0.09797101449275362 -0.8846153846153847 -0.3125
colorID: 195     -0.09797101449275362 -0.8846153846153847 -0.03726851851851852
colorID: 196     -0.09797101449275362 -0.8846153846153847 0.17777777777777778
colorID: 197     -0.09797101449275362 -0.8846153846153847 0.3777777777777778
colorID: 198     -0.09797101449275362 -0.8846153846153847 0.5777777777777778
colorID: 199     -0.09797101449275362 -0.8846153846153847 0.7777777777777778
colorID: 200     -0.09797101449275362 -0.6153846153846153 -0.875
colorID: 201     -0.09797101449275362 -0.6153846153846153 -0.59375
colorID: 202     -0.09797101449275362 -0.6153846153846153 -0.3125
colorID: 203     -0.09797101449275362 -0.6153846153846153 -0.03726851851851852
colorID: 204     -0.09797101449275362 -0.6153846153846153 0.17777777777777778
colorID: 205     -0.09797101449275362 -0.6153846153846153 0.3777777777777778
colorID: 206     -0.09797101449275362 -0.6153846153846153 0.5777777777777778
colorID: 207     -0.09797101449275362 -0.6153846153846153 0.7777777777777778
colorID: 208     -0.09797101449275362 -0.3461538461538462 -0.875
colorID: 209     -0.09797101449275362 -0.3461538461538462 -0.59375
colorID: 210     -0.09797101449275362 -0.3461538461538462 -0.3125
colorID: 211     -0.09797101449275362 -0.3461538461538462 -0.03726851851851852
colorID: 212     -0.09797101449275362 -0.3461538461538462 0.17777777777777778
colorID: 213     -0.09797101449275362 -0.3461538461538462 0.3777777777777778
colorID: 214     -0.09797101449275362 -0.3461538461538462 0.5777777777777778
colorID: 215     -0.09797101449275362 -0.3461538461538462 0.7777777777777778
colorID: 216     -0.09797101449275362 -0.07765567765567764 -0.875
colorID: 217     -0.09797101449275362 -0.07765567765567764 -0.59375
colorID: 218     -0.09797101449275362 -0.07765567765567764 -0.3125
colorID: 219     -0.09797101449275362 -0.07765567765567764 -0.03726851851851852
colorID: 220     -0.09797101449275362 -0.07765567765567764 0.17777777777777778
colorID: 221     -0.09797101449275362 -0.07765567765567764 0.3777777777777778
colorID: 222     -0.09797101449275362 -0.07765567765567764 0.5777777777777778
colorID: 223     -0.09797101449275362 -0.07765567765567764 0.7777777777777778
colorID: 224     -0.09797101449275362 0.16666666666666669 -0.875
colorID: 225     -0.09797101449275362 0.16666666666666669 -0.59375
colorID: 226     -0.09797101449275362 0.16666666666666669 -0.3125
colorID: 227     -0.09797101449275362 0.16666666666666669 -0.03726851851851852
colorID: 228     -0.09797101449275362 0.16666666666666669 0.17777777777777778
colorID: 229     -0.09797101449275362 0.16666666666666669 0.3777777777777778
colorID: 230     -0.09797101449275362 0.16666666666666669 0.5777777777777778
colorID: 231     -0.09797101449275362 0.16666666666666669 0.7777777777777778
colorID: 232     -0.09797101449275362 0.39999999999999997 -0.875
colorID: 233     -0.09797101449275362 0.39999999999999997 -0.59375
colorID: 234     -0.09797101449275362 0.39999999999999997 -0.3125
colorID: 235     -0.09797101449275362 0.39999999999999997 -0.03726851851851852
colorID: 236     -0.09797101449275362 0.39999999999999997 0.17777777777777778
colorID: 237     -0.09797101449275362 0.39999999999999997 0.3777777777777778
colorID: 238     -0.09797101449275362 0.39999999999999997 0.5777777777777778
colorID: 239     -0.09797101449275362 0.39999999999999997 0.7777777777777778
colorID: 240     -0.09797101449275362 0.6333333333333334 -0.875
colorID: 241     -0.09797101449275362 0.6333333333333334 -0.59375
colorID: 242     -0.09797101449275362 0.6333333333333334 -0.3125
colorID: 243     -0.09797101449275362 0.6333333333333334 -0.03726851851851852
colorID: 244     -0.09797101449275362 0.6333333333333334 0.17777777777777778
colorID: 245     -0.09797101449275362 0.6333333333333334 0.3777777777777778
colorID: 246     -0.09797101449275362 0.6333333333333334 0.5777777777777778
colorID: 247     -0.09797101449275362 0.6333333333333334 0.7777777777777778
colorID: 248     -0.09797101449275362 0.8666666666666668 -0.875
colorID: 249     -0.09797101449275362 0.8666666666666668 -0.59375
colorID: 250     -0.09797101449275362 0.8666666666666668 -0.3125
colorID: 251     -0.09797101449275362 0.8666666666666668 -0.03726851851851852
colorID: 252     -0.09797101449275362 0.8666666666666668 0.17777777777777778
colorID: 253     -0.09797101449275362 0.8666666666666668 0.3777777777777778
colorID: 254     -0.09797101449275362 0.8666666666666668 0.5777777777777778
colorID: 255     -0.09797101449275362 0.8666666666666668 0.7777777777777778
colorID: 256     0.15 -0.8846153846153847 -0.875
colorID: 257     0.15 -0.8846153846153847 -0.59375
colorID: 258     0.15 -0.8846153846153847 -0.3125
colorID: 259     0.15 -0.8846153846153847 -0.03726851851851852
colorID: 260     0.15 -0.8846153846153847 0.17777777777777778
colorID: 261     0.15 -0.8846153846153847 0.3777777777777778
colorID: 262     0.15 -0.8846153846153847 0.5777777777777778
colorID: 263     0.15 -0.8846153846153847 0.7777777777777778
colorID: 264     0.15 -0.6153846153846153 -0.875
colorID: 265     0.15 -0.6153846153846153 -0.59375
colorID: 266     0.15 -0.6153846153846153 -0.3125
colorID: 267     0.15 -0.6153846153846153 -0.03726851851851852
colorID: 268     0.15 -0.6153846153846153 0.17777777777777778
colorID: 269     0.15 -0.6153846153846153 0.3777777777777778
colorID: 270     0.15 -0.6153846153846153 0.5777777777777778
colorID: 271     0.15 -0.6153846153846153 0.7777777777777778
colorID: 272     0.15 -0.3461538461538462 -0.875
colorID: 273     0.15 -0.3461538461538462 -0.59375
colorID: 274     0.15 -0.3461538461538462 -0.3125
colorID: 275     0.15 -0.3461538461538462 -0.03726851851851852
colorID: 276     0.15 -0.3461538461538462 0.17777777777777778
colorID: 277     0.15 -0.3461538461538462 0.3777777777777778
colorID: 278     0.15 -0.3461538461538462 0.5777777777777778
colorID: 279     0.15 -0.3461538461538462 0.7777777777777778
colorID: 280     0.15 -0.07765567765567764 -0.875
colorID: 281     0.15 -0.07765567765567764 -0.59375
colorID: 282     0.15 -0.07765567765567764 -0.3125
colorID: 283     0.15 -0.07765567765567764 -0.03726851851851852
colorID: 284     0.15 -0.07765567765567764 0.17777777777777778
colorID: 285     0.15 -0.07765567765567764 0.3777777777777778
colorID: 286     0.15 -0.07765567765567764 0.5777777777777778
colorID: 287     0.15 -0.07765567765567764 0.7777777777777778
colorID: 288     0.15 0.16666666666666669 -0.875
colorID: 289     0.15 0.16666666666666669 -0.59375
colorID: 290     0.15 0.16666666666666669 -0.3125
colorID: 291     0.15 0.16666666666666669 -0.03726851851851852
colorID: 292     0.15 0.16666666666666669 0.17777777777777778
colorID: 293     0.15 0.16666666666666669 0.3777777777777778
colorID: 294     0.15 0.16666666666666669 0.5777777777777778
colorID: 295     0.15 0.16666666666666669 0.7777777777777778
colorID: 296     0.15 0.39999999999999997 -0.875
colorID: 297     0.15 0.39999999999999997 -0.59375
colorID: 298     0.15 0.39999999999999997 -0.3125
colorID: 299     0.15 0.39999999999999997 -0.03726851851851852
colorID: 300     0.15 0.39999999999999997 0.17777777777777778
colorID: 301     0.15 0.39999999999999997 0.3777777777777778
colorID: 302     0.15 0.39999999999999997 0.5777777777777778
colorID: 303     0.15 0.39999999999999997 0.7777777777777778
colorID: 304     0.15 0.6333333333333334 -0.875
colorID: 305     0.15 0.6333333333333334 -0.59375
colorID: 306     0.15 0.6333333333333334 -0.3125
colorID: 307     0.15 0.6333333333333334 -0.03726851851851852
colorID: 308     0.15 0.6333333333333334 0.17777777777777778
colorID: 309     0.15 0.6333333333333334 0.3777777777777778
colorID: 310     0.15 0.6333333333333334 0.5777777777777778
colorID: 311     0.15 0.6333333333333334 0.7777777777777778
colorID: 312     0.15 0.8666666666666668 -0.875
colorID: 313     0.15 0.8666666666666668 -0.59375
colorID: 314     0.15 0.8666666666666668 -0.3125
colorID: 315     0.15 0.8666666666666668 -0.03726851851851852
colorID: 316     0.15 0.8666666666666668 0.17777777777777778
colorID: 317     0.15 0.8666666666666668 0.3777777777777778
colorID: 318     0.15 0.8666666666666668 0.5777777777777778
colorID: 319     0.15 0.8666666666666668 0.7777777777777778
colorID: 320     0.38999999999999996 -0.8846153846153847 -0.875
colorID: 321     0.38999999999999996 -0.8846153846153847 -0.59375
colorID: 322     0.38999999999999996 -0.8846153846153847 -0.3125
colorID: 323     0.38999999999999996 -0.8846153846153847 -0.03726851851851852
colorID: 324     0.38999999999999996 -0.8846153846153847 0.17777777777777778
colorID: 325     0.38999999999999996 -0.8846153846153847 0.3777777777777778
colorID: 326     0.38999999999999996 -0.8846153846153847 0.5777777777777778
colorID: 327     0.38999999999999996 -0.8846153846153847 0.7777777777777778
colorID: 328     0.38999999999999996 -0.6153846153846153 -0.875
colorID: 329     0.38999999999999996 -0.6153846153846153 -0.59375
colorID: 330     0.38999999999999996 -0.6153846153846153 -0.3125
colorID: 331     0.38999999999999996 -0.6153846153846153 -0.03726851851851852
colorID: 332     0.38999999999999996 -0.6153846153846153 0.17777777777777778
colorID: 333     0.38999999999999996 -0.6153846153846153 0.3777777777777778
colorID: 334     0.38999999999999996 -0.6153846153846153 0.5777777777777778
colorID: 335     0.38999999999999996 -0.6153846153846153 0.7777777777777778
colorID: 336     0.38999999999999996 -0.3461538461538462 -0.875
colorID: 337     0.38999999999999996 -0.3461538461538462 -0.59375
colorID: 338     0.38999999999999996 -0.3461538461538462 -0.3125
colorID: 339     0.38999999999999996 -0.3461538461538462 -0.03726851851851852
colorID: 340     0.38999999999999996 -0.3461538461538462 0.17777777777777778
colorID: 341     0.38999999999999996 -0.3461538461538462 0.3777777777777778
colorID: 342     0.38999999999999996 -0.3461538461538462 0.5777777777777778
colorID: 343     0.38999999999999996 -0.3461538461538462 0.7777777777777778
colorID: 344     0.38999999999999996 -0.07765567765567764 -0.875
colorID: 345     0.38999999999999996 -0.07765567765567764 -0.59375
colorID: 346     0.38999999999999996 -0.07765567765567764 -0.3125
colorID: 347     0.38999999999999996 -0.07765567765567764 -0.03726851851851852
colorID: 348     0.38999999999999996 -0.07765567765567764 0.17777777777777778
colorID: 349     0.38999999999999996 -0.07765567765567764 0.3777777777777778
colorID: 350     0.38999999999999996 -0.07765567765567764 0.5777777777777778
colorID: 351     0.38999999999999996 -0.07765567765567764 0.7777777777777778
colorID: 352     0.38999999999999996 0.16666666666666669 -0.875
colorID: 353     0.38999999999999996 0.16666666666666669 -0.59375
colorID: 354     0.38999999999999996 0.16666666666666669 -0.3125
colorID: 355     0.38999999999999996 0.16666666666666669 -0.03726851851851852
colorID: 356     0.38999999999999996 0.16666666666666669 0.17777777777777778
colorID: 357     0.38999999999999996 0.16666666666666669 0.3777777777777778
colorID: 358     0.38999999999999996 0.16666666666666669 0.5777777777777778
colorID: 359     0.38999999999999996 0.16666666666666669 0.7777777777777778
colorID: 360     0.38999999999999996 0.39999999999999997 -0.875
colorID: 361     0.38999999999999996 0.39999999999999997 -0.59375
colorID: 362     0.38999999999999996 0.39999999999999997 -0.3125
colorID: 363     0.38999999999999996 0.39999999999999997 -0.03726851851851852
colorID: 364     0.38999999999999996 0.39999999999999997 0.17777777777777778
colorID: 365     0.38999999999999996 0.39999999999999997 0.3777777777777778
colorID: 366     0.38999999999999996 0.39999999999999997 0.5777777777777778
colorID: 367     0.38999999999999996 0.39999999999999997 0.7777777777777778
colorID: 368     0.38999999999999996 0.6333333333333334 -0.875
colorID: 369     0.38999999999999996 0.6333333333333334 -0.59375
colorID: 370     0.38999999999999996 0.6333333333333334 -0.3125
colorID: 371     0.38999999999999996 0.6333333333333334 -0.03726851851851852
colorID: 372     0.38999999999999996 0.6333333333333334 0.17777777777777778
colorID: 373     0.38999999999999996 0.6333333333333334 0.3777777777777778
colorID: 374     0.38999999999999996 0.6333333333333334 0.5777777777777778
colorID: 375     0.38999999999999996 0.6333333333333334 0.7777777777777778
colorID: 376     0.38999999999999996 0.8666666666666668 -0.875
colorID: 377     0.38999999999999996 0.8666666666666668 -0.59375
colorID: 378     0.38999999999999996 0.8666666666666668 -0.3125
colorID: 379     0.38999999999999996 0.8666666666666668 -0.03726851851851852
colorID: 380     0.38999999999999996 0.8666666666666668 0.17777777777777778
colorID: 381     0.38999999999999996 0.8666666666666668 0.3777777777777778
colorID: 382     0.38999999999999996 0.8666666666666668 0.5777777777777778
colorID: 383     0.38999999999999996 0.8666666666666668 0.7777777777777778
colorID: 384     0.63 -0.8846153846153847 -0.875
colorID: 385     0.63 -0.8846153846153847 -0.59375
colorID: 386     0.63 -0.8846153846153847 -0.3125
colorID: 387     0.63 -0.8846153846153847 -0.03726851851851852
colorID: 388     0.63 -0.8846153846153847 0.17777777777777778
colorID: 389     0.63 -0.8846153846153847 0.3777777777777778
colorID: 390     0.63 -0.8846153846153847 0.5777777777777778
colorID: 391     0.63 -0.8846153846153847 0.7777777777777778
colorID: 392     0.63 -0.6153846153846153 -0.875
colorID: 393     0.63 -0.6153846153846153 -0.59375
colorID: 394     0.63 -0.6153846153846153 -0.3125
colorID: 395     0.63 -0.6153846153846153 -0.03726851851851852
colorID: 396     0.63 -0.6153846153846153 0.17777777777777778
colorID: 397     0.63 -0.6153846153846153 0.3777777777777778
colorID: 398     0.63 -0.6153846153846153 0.5777777777777778
colorID: 399     0.63 -0.6153846153846153 0.7777777777777778
colorID: 400     0.63 -0.3461538461538462 -0.875
colorID: 401     0.63 -0.3461538461538462 -0.59375
colorID: 402     0.63 -0.3461538461538462 -0.3125
colorID: 403     0.63 -0.3461538461538462 -0.03726851851851852
colorID: 404     0.63 -0.3461538461538462 0.17777777777777778
colorID: 405     0.63 -0.3461538461538462 0.3777777777777778
colorID: 406     0.63 -0.3461538461538462 0.5777777777777778
colorID: 407     0.63 -0.3461538461538462 0.7777777777777778
colorID: 408     0.63 -0.07765567765567764 -0.875
colorID: 409     0.63 -0.07765567765567764 -0.59375
colorID: 410     0.63 -0.07765567765567764 -0.3125
colorID: 411     0.63 -0.07765567765567764 -0.03726851851851852
colorID: 412     0.63 -0.07765567765567764 0.17777777777777778
colorID: 413     0.63 -0.07765567765567764 0.3777777777777778
colorID: 414     0.63 -0.07765567765567764 0.5777777777777778
colorID: 415     0.63 -0.07765567765567764 0.7777777777777778
colorID: 416     0.63 0.16666666666666669 -0.875
colorID: 417     0.63 0.16666666666666669 -0.59375
colorID: 418     0.63 0.16666666666666669 -0.3125
colorID: 419     0.63 0.16666666666666669 -0.03726851851851852
colorID: 420     0.63 0.16666666666666669 0.17777777777777778
colorID: 421     0.63 0.16666666666666669 0.3777777777777778
colorID: 422     0.63 0.16666666666666669 0.5777777777777778
colorID: 423     0.63 0.16666666666666669 0.7777777777777778
colorID: 424     0.63 0.39999999999999997 -0.875
colorID: 425     0.63 0.39999999999999997 -0.59375
colorID: 426     0.63 0.39999999999999997 -0.3125
colorID: 427     0.63 0.39999999999999997 -0.03726851851851852
colorID: 428     0.63 0.39999999999999997 0.17777777777777778
colorID: 429     0.63 0.39999999999999997 0.3777777777777778
colorID: 430     0.63 0.39999999999999997 0.5777777777777778
colorID: 431     0.63 0.39999999999999997 0.7777777777777778
colorID: 432     0.63 0.6333333333333334 -0.875
colorID: 433     0.63 0.6333333333333334 -0.59375
colorID: 434     0.63 0.6333333333333334 -0.3125
colorID: 435     0.63 0.6333333333333334 -0.03726851851851852
colorID: 436     0.63 0.6333333333333334 0.17777777777777778
colorID: 437     0.63 0.6333333333333334 0.3777777777777778
colorID: 438     0.63 0.6333333333333334 0.5777777777777778
colorID: 439     0.63 0.6333333333333334 0.7777777777777778
colorID: 440     0.63 0.8666666666666668 -0.875
colorID: 441     0.63 0.8666666666666668 -0.59375
colorID: 442     0.63 0.8666666666666668 -0.3125
colorID: 443     0.63 0.8666666666666668 -0.03726851851851852
colorID: 444     0.63 0.8666666666666668 0.17777777777777778
colorID: 445     0.63 0.8666666666666668 0.3777777777777778
colorID: 446     0.63 0.8666666666666668 0.5777777777777778
colorID: 447     0.63 0.8666666666666668 0.7777777777777778
colorID: 448     0.8700000000000001 -0.8846153846153847 -0.875
colorID: 449     0.8700000000000001 -0.8846153846153847 -0.59375
colorID: 450     0.8700000000000001 -0.8846153846153847 -0.3125
colorID: 451     0.8700000000000001 -0.8846153846153847 -0.03726851851851852
colorID: 452     0.8700000000000001 -0.8846153846153847 0.17777777777777778
colorID: 453     0.8700000000000001 -0.8846153846153847 0.3777777777777778
colorID: 454     0.8700000000000001 -0.8846153846153847 0.5777777777777778
colorID: 455     0.8700000000000001 -0.8846153846153847 0.7777777777777778
colorID: 456     0.8700000000000001 -0.6153846153846153 -0.875
colorID: 457     0.8700000000000001 -0.6153846153846153 -0.59375
colorID: 458     0.8700000000000001 -0.6153846153846153 -0.3125
colorID: 459     0.8700000000000001 -0.6153846153846153 -0.03726851851851852
colorID: 460     0.8700000000000001 -0.6153846153846153 0.17777777777777778
colorID: 461     0.8700000000000001 -0.6153846153846153 0.3777777777777778
colorID: 462     0.8700000000000001 -0.6153846153846153 0.5777777777777778
colorID: 463     0.8700000000000001 -0.6153846153846153 0.7777777777777778
colorID: 464     0.8700000000000001 -0.3461538461538462 -0.875
colorID: 465     0.8700000000000001 -0.3461538461538462 -0.59375
colorID: 466     0.8700000000000001 -0.3461538461538462 -0.3125
colorID: 467     0.8700000000000001 -0.3461538461538462 -0.03726851851851852
colorID: 468     0.8700000000000001 -0.3461538461538462 0.17777777777777778
colorID: 469     0.8700000000000001 -0.3461538461538462 0.3777777777777778
colorID: 470     0.8700000000000001 -0.3461538461538462 0.5777777777777778
colorID: 471     0.8700000000000001 -0.3461538461538462 0.7777777777777778
colorID: 472     0.8700000000000001 -0.07765567765567764 -0.875
colorID: 473     0.8700000000000001 -0.07765567765567764 -0.59375
colorID: 474     0.8700000000000001 -0.07765567765567764 -0.3125
colorID: 475     0.8700000000000001 -0.07765567765567764 -0.03726851851851852
colorID: 476     0.8700000000000001 -0.07765567765567764 0.17777777777777778
colorID: 477     0.8700000000000001 -0.07765567765567764 0.3777777777777778
colorID: 478     0.8700000000000001 -0.07765567765567764 0.5777777777777778
colorID: 479     0.8700000000000001 -0.07765567765567764 0.7777777777777778
colorID: 480     0.8700000000000001 0.16666666666666669 -0.875
colorID: 481     0.8700000000000001 0.16666666666666669 -0.59375
colorID: 482     0.8700000000000001 0.16666666666666669 -0.3125
colorID: 483     0.8700000000000001 0.16666666666666669 -0.03726851851851852
colorID: 484     0.8700000000000001 0.16666666666666669 0.17777777777777778
colorID: 485     0.8700000000000001 0.16666666666666669 0.3777777777777778
colorID: 486     0.8700000000000001 0.16666666666666669 0.5777777777777778
colorID: 487     0.8700000000000001 0.16666666666666669 0.7777777777777778
colorID: 488     0.8700000000000001 0.39999999999999997 -0.875
colorID: 489     0.8700000000000001 0.39999999999999997 -0.59375
colorID: 490     0.8700000000000001 0.39999999999999997 -0.3125
colorID: 491     0.8700000000000001 0.39999999999999997 -0.03726851851851852
colorID: 492     0.8700000000000001 0.39999999999999997 0.17777777777777778
colorID: 493     0.8700000000000001 0.39999999999999997 0.3777777777777778
colorID: 494     0.8700000000000001 0.39999999999999997 0.5777777777777778
colorID: 495     0.8700000000000001 0.39999999999999997 0.7777777777777778
colorID: 496     0.8700000000000001 0.6333333333333334 -0.875
colorID: 497     0.8700000000000001 0.6333333333333334 -0.59375
colorID: 498     0.8700000000000001 0.6333333333333334 -0.3125
colorID: 499     0.8700000000000001 0.6333333333333334 -0.03726851851851852
colorID: 500     0.8700000000000001 0.6333333333333334 0.17777777777777778
colorID: 501     0.8700000000000001 0.6333333333333334 0.3777777777777778
colorID: 502     0.8700000000000001 0.6333333333333334 0.5777777777777778
colorID: 503     0.8700000000000001 0.6333333333333334 0.7777777777777778
colorID: 504     0.8700000000000001 0.8666666666666668 -0.875
colorID: 505     0.8700000000000001 0.8666666666666668 -0.59375
colorID: 506     0.8700000000000001 0.8666666666666668 -0.3125
colorID: 507     0.8700000000000001 0.8666666666666668 -0.03726851851851852
colorID: 508     0.8700000000000001 0.8666666666666668 0.17777777777777778
colorID: 509     0.8700000000000001 0.8666666666666668 0.3777777777777778
colorID: 510     0.8700000000000001 0.8666666666666668 0.5777777777777778
colorID: 511     0.8700000000000001 0.8666666666666668 0.7777777777777778
