ColorMAP: RGB number of bits: 9
ColorID: 0	134.0  34.0  123.0
ColorID: 1	134.0  34.0  123.0
ColorID: 2	134.0  34.0  155.0
ColorID: 3	134.0  34.0  155.0
ColorID: 4	134.0  34.0  155.0
ColorID: 5	134.0  34.0  155.0
ColorID: 6	134.0  34.0  187.0
ColorID: 7	134.0  34.0  187.0
ColorID: 8	134.0  34.0  123.0
ColorID: 9	134.0  34.0  123.0
ColorID: 10	134.0  34.0  155.0
ColorID: 11	134.0  34.0  155.0
ColorID: 12	134.0  34.0  155.0
ColorID: 13	134.0  34.0  155.0
ColorID: 14	134.0  34.0  187.0
ColorID: 15	134.0  34.0  187.0
ColorID: 16	134.0  60.0  123.0
ColorID: 17	134.0  60.0  123.0
ColorID: 18	134.0  60.0  155.0
ColorID: 19	134.0  60.0  155.0
ColorID: 20	134.0  60.0  155.0
ColorID: 21	134.0  60.0  155.0
ColorID: 22	134.0  60.0  187.0
ColorID: 23	134.0  60.0  187.0
ColorID: 24	134.0  60.0  123.0
ColorID: 25	134.0  60.0  123.0
ColorID: 26	134.0  60.0  155.0
ColorID: 27	134.0  60.0  155.0
ColorID: 28	134.0  60.0  155.0
ColorID: 29	134.0  60.0  155.0
ColorID: 30	134.0  60.0  187.0
ColorID: 31	134.0  60.0  187.0
ColorID: 32	134.0  60.0  123.0
ColorID: 33	134.0  60.0  123.0
ColorID: 34	134.0  60.0  155.0
ColorID: 35	134.0  60.0  155.0
ColorID: 36	134.0  60.0  155.0
ColorID: 37	134.0  60.0  155.0
ColorID: 38	134.0  60.0  187.0
ColorID: 39	134.0  60.0  187.0
ColorID: 40	134.0  60.0  123.0
ColorID: 41	134.0  60.0  123.0
ColorID: 42	134.0  60.0  155.0
ColorID: 43	134.0  60.0  155.0
ColorID: 44	134.0  60.0  155.0
ColorID: 45	134.0  60.0  155.0
ColorID: 46	134.0  60.0  187.0
ColorID: 47	134.0  60.0  187.0
ColorID: 48	134.0  86.0  123.0
ColorID: 49	134.0  86.0  123.0
ColorID: 50	134.0  86.0  155.0
ColorID: 51	134.0  86.0  155.0
ColorID: 52	134.0  86.0  155.0
ColorID: 53	134.0  86.0  155.0
ColorID: 54	134.0  86.0  187.0
ColorID: 55	134.0  86.0  187.0
ColorID: 56	134.0  86.0  123.0
ColorID: 57	134.0  86.0  123.0
ColorID: 58	134.0  86.0  155.0
ColorID: 59	134.0  86.0  155.0
ColorID: 60	134.0  86.0  155.0
ColorID: 61	134.0  86.0  155.0
ColorID: 62	134.0  86.0  187.0
ColorID: 63	134.0  86.0  187.0
ColorID: 64	134.0  34.0  123.0
ColorID: 65	134.0  34.0  123.0
ColorID: 66	134.0  34.0  155.0
ColorID: 67	134.0  34.0  155.0
ColorID: 68	134.0  34.0  155.0
ColorID: 69	134.0  34.0  155.0
ColorID: 70	134.0  34.0  187.0
ColorID: 71	134.0  34.0  187.0
ColorID: 72	134.0  34.0  123.0
ColorID: 73	134.0  34.0  123.0
ColorID: 74	134.0  34.0  155.0
ColorID: 75	134.0  34.0  155.0
ColorID: 76	134.0  34.0  155.0
ColorID: 77	134.0  34.0  155.0
ColorID: 78	134.0  34.0  187.0
ColorID: 79	134.0  34.0  187.0
ColorID: 80	134.0  60.0  123.0
ColorID: 81	134.0  60.0  123.0
ColorID: 82	134.0  60.0  155.0
ColorID: 83	134.0  60.0  155.0
ColorID: 84	134.0  60.0  155.0
ColorID: 85	134.0  60.0  155.0
ColorID: 86	134.0  60.0  187.0
ColorID: 87	134.0  60.0  187.0
ColorID: 88	134.0  60.0  123.0
ColorID: 89	134.0  60.0  123.0
ColorID: 90	134.0  60.0  155.0
ColorID: 91	134.0  60.0  155.0
ColorID: 92	134.0  60.0  155.0
ColorID: 93	134.0  60.0  155.0
ColorID: 94	134.0  60.0  187.0
ColorID: 95	134.0  60.0  187.0
ColorID: 96	134.0  60.0  123.0
ColorID: 97	134.0  60.0  123.0
ColorID: 98	134.0  60.0  155.0
ColorID: 99	134.0  60.0  155.0
ColorID: 100	134.0  60.0  155.0
ColorID: 101	134.0  60.0  155.0
ColorID: 102	134.0  60.0  187.0
ColorID: 103	134.0  60.0  187.0
ColorID: 104	134.0  60.0  123.0
ColorID: 105	134.0  60.0  123.0
ColorID: 106	134.0  60.0  155.0
ColorID: 107	134.0  60.0  155.0
ColorID: 108	134.0  60.0  155.0
ColorID: 109	134.0  60.0  155.0
ColorID: 110	134.0  60.0  187.0
ColorID: 111	134.0  60.0  187.0
ColorID: 112	134.0  86.0  123.0
ColorID: 113	134.0  86.0  123.0
ColorID: 114	134.0  86.0  155.0
ColorID: 115	134.0  86.0  155.0
ColorID: 116	134.0  86.0  155.0
ColorID: 117	134.0  86.0  155.0
ColorID: 118	134.0  86.0  187.0
ColorID: 119	134.0  86.0  187.0
ColorID: 120	134.0  86.0  123.0
ColorID: 121	134.0  86.0  123.0
ColorID: 122	134.0  86.0  155.0
ColorID: 123	134.0  86.0  155.0
ColorID: 124	134.0  86.0  155.0
ColorID: 125	134.0  86.0  155.0
ColorID: 126	134.0  86.0  187.0
ColorID: 127	134.0  86.0  187.0
ColorID: 128	180.0  34.0  123.0
ColorID: 129	180.0  34.0  123.0
ColorID: 130	180.0  34.0  155.0
ColorID: 131	180.0  34.0  155.0
ColorID: 132	180.0  34.0  155.0
ColorID: 133	180.0  34.0  155.0
ColorID: 134	180.0  34.0  187.0
ColorID: 135	180.0  34.0  187.0
ColorID: 136	180.0  34.0  123.0
ColorID: 137	180.0  34.0  123.0
ColorID: 138	180.0  34.0  155.0
ColorID: 139	180.0  34.0  155.0
ColorID: 140	180.0  34.0  155.0
ColorID: 141	180.0  34.0  155.0
ColorID: 142	180.0  34.0  187.0
ColorID: 143	180.0  34.0  187.0
ColorID: 144	180.0  60.0  123.0
ColorID: 145	180.0  60.0  123.0
ColorID: 146	180.0  60.0  155.0
ColorID: 147	180.0  60.0  155.0
ColorID: 148	180.0  60.0  155.0
ColorID: 149	180.0  60.0  155.0
ColorID: 150	180.0  60.0  187.0
ColorID: 151	180.0  60.0  187.0
ColorID: 152	180.0  60.0  123.0
ColorID: 153	180.0  60.0  123.0
ColorID: 154	180.0  60.0  155.0
ColorID: 155	180.0  60.0  155.0
ColorID: 156	180.0  60.0  155.0
ColorID: 157	180.0  60.0  155.0
ColorID: 158	180.0  60.0  187.0
ColorID: 159	180.0  60.0  187.0
ColorID: 160	180.0  60.0  123.0
ColorID: 161	180.0  60.0  123.0
ColorID: 162	180.0  60.0  155.0
ColorID: 163	180.0  60.0  155.0
ColorID: 164	180.0  60.0  155.0
ColorID: 165	180.0  60.0  155.0
ColorID: 166	180.0  60.0  187.0
ColorID: 167	180.0  60.0  187.0
ColorID: 168	180.0  60.0  123.0
ColorID: 169	180.0  60.0  123.0
ColorID: 170	180.0  60.0  155.0
ColorID: 171	180.0  60.0  155.0
ColorID: 172	180.0  60.0  155.0
ColorID: 173	180.0  60.0  155.0
ColorID: 174	180.0  60.0  187.0
ColorID: 175	180.0  60.0  187.0
ColorID: 176	180.0  86.0  123.0
ColorID: 177	180.0  86.0  123.0
ColorID: 178	180.0  86.0  155.0
ColorID: 179	180.0  86.0  155.0
ColorID: 180	180.0  86.0  155.0
ColorID: 181	180.0  86.0  155.0
ColorID: 182	180.0  86.0  187.0
ColorID: 183	180.0  86.0  187.0
ColorID: 184	180.0  86.0  123.0
ColorID: 185	180.0  86.0  123.0
ColorID: 186	180.0  86.0  155.0
ColorID: 187	180.0  86.0  155.0
ColorID: 188	180.0  86.0  155.0
ColorID: 189	180.0  86.0  155.0
ColorID: 190	180.0  86.0  187.0
ColorID: 191	180.0  86.0  187.0
ColorID: 192	180.0  34.0  123.0
ColorID: 193	180.0  34.0  123.0
ColorID: 194	180.0  34.0  155.0
ColorID: 195	180.0  34.0  155.0
ColorID: 196	180.0  34.0  155.0
ColorID: 197	180.0  34.0  155.0
ColorID: 198	180.0  34.0  187.0
ColorID: 199	180.0  34.0  187.0
ColorID: 200	180.0  34.0  123.0
ColorID: 201	180.0  34.0  123.0
ColorID: 202	180.0  34.0  155.0
ColorID: 203	180.0  34.0  155.0
ColorID: 204	180.0  34.0  155.0
ColorID: 205	180.0  34.0  155.0
ColorID: 206	180.0  34.0  187.0
ColorID: 207	180.0  34.0  187.0
ColorID: 208	180.0  60.0  123.0
ColorID: 209	180.0  60.0  123.0
ColorID: 210	180.0  60.0  155.0
ColorID: 211	180.0  60.0  155.0
ColorID: 212	180.0  60.0  155.0
ColorID: 213	180.0  60.0  155.0
ColorID: 214	180.0  60.0  187.0
ColorID: 215	180.0  60.0  187.0
ColorID: 216	180.0  60.0  123.0
ColorID: 217	180.0  60.0  123.0
ColorID: 218	180.0  60.0  155.0
ColorID: 219	180.0  60.0  155.0
ColorID: 220	180.0  60.0  155.0
ColorID: 221	180.0  60.0  155.0
ColorID: 222	180.0  60.0  187.0
ColorID: 223	180.0  60.0  187.0
ColorID: 224	180.0  60.0  123.0
ColorID: 225	180.0  60.0  123.0
ColorID: 226	180.0  60.0  155.0
ColorID: 227	180.0  60.0  155.0
ColorID: 228	180.0  60.0  155.0
ColorID: 229	180.0  60.0  155.0
ColorID: 230	180.0  60.0  187.0
ColorID: 231	180.0  60.0  187.0
ColorID: 232	180.0  60.0  123.0
ColorID: 233	180.0  60.0  123.0
ColorID: 234	180.0  60.0  155.0
ColorID: 235	180.0  60.0  155.0
ColorID: 236	180.0  60.0  155.0
ColorID: 237	180.0  60.0  155.0
ColorID: 238	180.0  60.0  187.0
ColorID: 239	180.0  60.0  187.0
ColorID: 240	180.0  86.0  123.0
ColorID: 241	180.0  86.0  123.0
ColorID: 242	180.0  86.0  155.0
ColorID: 243	180.0  86.0  155.0
ColorID: 244	180.0  86.0  155.0
ColorID: 245	180.0  86.0  155.0
ColorID: 246	180.0  86.0  187.0
ColorID: 247	180.0  86.0  187.0
ColorID: 248	180.0  86.0  123.0
ColorID: 249	180.0  86.0  123.0
ColorID: 250	180.0  86.0  155.0
ColorID: 251	180.0  86.0  155.0
ColorID: 252	180.0  86.0  155.0
ColorID: 253	180.0  86.0  155.0
ColorID: 254	180.0  86.0  187.0
ColorID: 255	180.0  86.0  187.0
ColorID: 256	180.0  34.0  123.0
ColorID: 257	180.0  34.0  123.0
ColorID: 258	180.0  34.0  155.0
ColorID: 259	180.0  34.0  155.0
ColorID: 260	180.0  34.0  155.0
ColorID: 261	180.0  34.0  155.0
ColorID: 262	180.0  34.0  187.0
ColorID: 263	180.0  34.0  187.0
ColorID: 264	180.0  34.0  123.0
ColorID: 265	180.0  34.0  123.0
ColorID: 266	180.0  34.0  155.0
ColorID: 267	180.0  34.0  155.0
ColorID: 268	180.0  34.0  155.0
ColorID: 269	180.0  34.0  155.0
ColorID: 270	180.0  34.0  187.0
ColorID: 271	180.0  34.0  187.0
ColorID: 272	180.0  60.0  123.0
ColorID: 273	180.0  60.0  123.0
ColorID: 274	180.0  60.0  155.0
ColorID: 275	180.0  60.0  155.0
ColorID: 276	180.0  60.0  155.0
ColorID: 277	180.0  60.0  155.0
ColorID: 278	180.0  60.0  187.0
ColorID: 279	180.0  60.0  187.0
ColorID: 280	180.0  60.0  123.0
ColorID: 281	180.0  60.0  123.0
ColorID: 282	180.0  60.0  155.0
ColorID: 283	180.0  60.0  155.0
ColorID: 284	180.0  60.0  155.0
ColorID: 285	180.0  60.0  155.0
ColorID: 286	180.0  60.0  187.0
ColorID: 287	180.0  60.0  187.0
ColorID: 288	180.0  60.0  123.0
ColorID: 289	180.0  60.0  123.0
ColorID: 290	180.0  60.0  155.0
ColorID: 291	180.0  60.0  155.0
ColorID: 292	180.0  60.0  155.0
ColorID: 293	180.0  60.0  155.0
ColorID: 294	180.0  60.0  187.0
ColorID: 295	180.0  60.0  187.0
ColorID: 296	180.0  60.0  123.0
ColorID: 297	180.0  60.0  123.0
ColorID: 298	180.0  60.0  155.0
ColorID: 299	180.0  60.0  155.0
ColorID: 300	180.0  60.0  155.0
ColorID: 301	180.0  60.0  155.0
ColorID: 302	180.0  60.0  187.0
ColorID: 303	180.0  60.0  187.0
ColorID: 304	180.0  86.0  123.0
ColorID: 305	180.0  86.0  123.0
ColorID: 306	180.0  86.0  155.0
ColorID: 307	180.0  86.0  155.0
ColorID: 308	180.0  86.0  155.0
ColorID: 309	180.0  86.0  155.0
ColorID: 310	180.0  86.0  187.0
ColorID: 311	180.0  86.0  187.0
ColorID: 312	180.0  86.0  123.0
ColorID: 313	180.0  86.0  123.0
ColorID: 314	180.0  86.0  155.0
ColorID: 315	180.0  86.0  155.0
ColorID: 316	180.0  86.0  155.0
ColorID: 317	180.0  86.0  155.0
ColorID: 318	180.0  86.0  187.0
ColorID: 319	180.0  86.0  187.0
ColorID: 320	180.0  34.0  123.0
ColorID: 321	180.0  34.0  123.0
ColorID: 322	180.0  34.0  155.0
ColorID: 323	180.0  34.0  155.0
ColorID: 324	180.0  34.0  155.0
ColorID: 325	180.0  34.0  155.0
ColorID: 326	180.0  34.0  187.0
ColorID: 327	180.0  34.0  187.0
ColorID: 328	180.0  34.0  123.0
ColorID: 329	180.0  34.0  123.0
ColorID: 330	180.0  34.0  155.0
ColorID: 331	180.0  34.0  155.0
ColorID: 332	180.0  34.0  155.0
ColorID: 333	180.0  34.0  155.0
ColorID: 334	180.0  34.0  187.0
ColorID: 335	180.0  34.0  187.0
ColorID: 336	180.0  60.0  123.0
ColorID: 337	180.0  60.0  123.0
ColorID: 338	180.0  60.0  155.0
ColorID: 339	180.0  60.0  155.0
ColorID: 340	180.0  60.0  155.0
ColorID: 341	180.0  60.0  155.0
ColorID: 342	180.0  60.0  187.0
ColorID: 343	180.0  60.0  187.0
ColorID: 344	180.0  60.0  123.0
ColorID: 345	180.0  60.0  123.0
ColorID: 346	180.0  60.0  155.0
ColorID: 347	180.0  60.0  155.0
ColorID: 348	180.0  60.0  155.0
ColorID: 349	180.0  60.0  155.0
ColorID: 350	180.0  60.0  187.0
ColorID: 351	180.0  60.0  187.0
ColorID: 352	180.0  60.0  123.0
ColorID: 353	180.0  60.0  123.0
ColorID: 354	180.0  60.0  155.0
ColorID: 355	180.0  60.0  155.0
ColorID: 356	180.0  60.0  155.0
ColorID: 357	180.0  60.0  155.0
ColorID: 358	180.0  60.0  187.0
ColorID: 359	180.0  60.0  187.0
ColorID: 360	180.0  60.0  123.0
ColorID: 361	180.0  60.0  123.0
ColorID: 362	180.0  60.0  155.0
ColorID: 363	180.0  60.0  155.0
ColorID: 364	180.0  60.0  155.0
ColorID: 365	180.0  60.0  155.0
ColorID: 366	180.0  60.0  187.0
ColorID: 367	180.0  60.0  187.0
ColorID: 368	180.0  86.0  123.0
ColorID: 369	180.0  86.0  123.0
ColorID: 370	180.0  86.0  155.0
ColorID: 371	180.0  86.0  155.0
ColorID: 372	180.0  86.0  155.0
ColorID: 373	180.0  86.0  155.0
ColorID: 374	180.0  86.0  187.0
ColorID: 375	180.0  86.0  187.0
ColorID: 376	180.0  86.0  123.0
ColorID: 377	180.0  86.0  123.0
ColorID: 378	180.0  86.0  155.0
ColorID: 379	180.0  86.0  155.0
ColorID: 380	180.0  86.0  155.0
ColorID: 381	180.0  86.0  155.0
ColorID: 382	180.0  86.0  187.0
ColorID: 383	180.0  86.0  187.0
ColorID: 384	230.0  30.0  110.0
ColorID: 385	230.0  30.0  110.0
ColorID: 386	230.0  30.0  155.0
ColorID: 387	230.0  30.0  155.0
ColorID: 388	230.0  30.0  155.0
ColorID: 389	230.0  30.0  155.0
ColorID: 390	230.0  30.0  200.0
ColorID: 391	230.0  30.0  200.0
ColorID: 392	230.0  30.0  110.0
ColorID: 393	230.0  30.0  110.0
ColorID: 394	230.0  30.0  155.0
ColorID: 395	230.0  30.0  155.0
ColorID: 396	230.0  30.0  155.0
ColorID: 397	230.0  30.0  155.0
ColorID: 398	230.0  30.0  200.0
ColorID: 399	230.0  30.0  200.0
ColorID: 400	230.0  60.0  110.0
ColorID: 401	230.0  60.0  110.0
ColorID: 402	230.0  60.0  155.0
ColorID: 403	230.0  60.0  155.0
ColorID: 404	230.0  60.0  155.0
ColorID: 405	230.0  60.0  155.0
ColorID: 406	230.0  60.0  200.0
ColorID: 407	230.0  60.0  200.0
ColorID: 408	230.0  60.0  110.0
ColorID: 409	230.0  60.0  110.0
ColorID: 410	230.0  60.0  155.0
ColorID: 411	230.0  60.0  155.0
ColorID: 412	230.0  60.0  155.0
ColorID: 413	230.0  60.0  155.0
ColorID: 414	230.0  60.0  200.0
ColorID: 415	230.0  60.0  200.0
ColorID: 416	230.0  60.0  110.0
ColorID: 417	230.0  60.0  110.0
ColorID: 418	230.0  60.0  155.0
ColorID: 419	230.0  60.0  155.0
ColorID: 420	230.0  60.0  155.0
ColorID: 421	230.0  60.0  155.0
ColorID: 422	230.0  60.0  200.0
ColorID: 423	230.0  60.0  200.0
ColorID: 424	230.0  60.0  110.0
ColorID: 425	230.0  60.0  110.0
ColorID: 426	230.0  60.0  155.0
ColorID: 427	230.0  60.0  155.0
ColorID: 428	230.0  60.0  155.0
ColorID: 429	230.0  60.0  155.0
ColorID: 430	230.0  60.0  200.0
ColorID: 431	230.0  60.0  200.0
ColorID: 432	230.0  90.0  110.0
ColorID: 433	230.0  90.0  110.0
ColorID: 434	230.0  90.0  155.0
ColorID: 435	230.0  90.0  155.0
ColorID: 436	230.0  90.0  155.0
ColorID: 437	230.0  90.0  155.0
ColorID: 438	230.0  90.0  200.0
ColorID: 439	230.0  90.0  200.0
ColorID: 440	230.0  90.0  110.0
ColorID: 441	230.0  90.0  110.0
ColorID: 442	230.0  90.0  155.0
ColorID: 443	230.0  90.0  155.0
ColorID: 444	230.0  90.0  155.0
ColorID: 445	230.0  90.0  155.0
ColorID: 446	230.0  90.0  200.0
ColorID: 447	230.0  90.0  200.0
ColorID: 448	230.0  30.0  110.0
ColorID: 449	230.0  30.0  110.0
ColorID: 450	230.0  30.0  155.0
ColorID: 451	230.0  30.0  155.0
ColorID: 452	230.0  30.0  155.0
ColorID: 453	230.0  30.0  155.0
ColorID: 454	230.0  30.0  200.0
ColorID: 455	230.0  30.0  200.0
ColorID: 456	230.0  30.0  110.0
ColorID: 457	230.0  30.0  110.0
ColorID: 458	230.0  30.0  155.0
ColorID: 459	230.0  30.0  155.0
ColorID: 460	230.0  30.0  155.0
ColorID: 461	230.0  30.0  155.0
ColorID: 462	230.0  30.0  200.0
ColorID: 463	230.0  30.0  200.0
ColorID: 464	230.0  60.0  110.0
ColorID: 465	230.0  60.0  110.0
ColorID: 466	230.0  60.0  155.0
ColorID: 467	230.0  60.0  155.0
ColorID: 468	230.0  60.0  155.0
ColorID: 469	230.0  60.0  155.0
ColorID: 470	230.0  60.0  200.0
ColorID: 471	230.0  60.0  200.0
ColorID: 472	230.0  60.0  110.0
ColorID: 473	230.0  60.0  110.0
ColorID: 474	230.0  60.0  155.0
ColorID: 475	230.0  60.0  155.0
ColorID: 476	230.0  60.0  155.0
ColorID: 477	230.0  60.0  155.0
ColorID: 478	230.0  60.0  200.0
ColorID: 479	230.0  60.0  200.0
ColorID: 480	230.0  60.0  110.0
ColorID: 481	230.0  60.0  110.0
ColorID: 482	230.0  60.0  155.0
ColorID: 483	230.0  60.0  155.0
ColorID: 484	230.0  60.0  155.0
ColorID: 485	230.0  60.0  155.0
ColorID: 486	230.0  60.0  200.0
ColorID: 487	230.0  60.0  200.0
ColorID: 488	230.0  60.0  110.0
ColorID: 489	230.0  60.0  110.0
ColorID: 490	230.0  60.0  155.0
ColorID: 491	230.0  60.0  155.0
ColorID: 492	230.0  60.0  155.0
ColorID: 493	230.0  60.0  155.0
ColorID: 494	230.0  60.0  200.0
ColorID: 495	230.0  60.0  200.0
ColorID: 496	230.0  90.0  110.0
ColorID: 497	230.0  90.0  110.0
ColorID: 498	230.0  90.0  155.0
ColorID: 499	230.0  90.0  155.0
ColorID: 500	230.0  90.0  155.0
ColorID: 501	230.0  90.0  155.0
ColorID: 502	230.0  90.0  200.0
ColorID: 503	230.0  90.0  200.0
ColorID: 504	230.0  90.0  110.0
ColorID: 505	230.0  90.0  110.0
ColorID: 506	230.0  90.0  155.0
ColorID: 507	230.0  90.0  155.0
ColorID: 508	230.0  90.0  155.0
ColorID: 509	230.0  90.0  155.0
ColorID: 510	230.0  90.0  200.0
ColorID: 511	230.0  90.0  200.0
