-1.0 34.0
-0.9615384615384616 35.0
-0.9230769230769231 36.0
-0.8846153846153846 37.0
-0.8461538461538461 38.0
-0.8076923076923077 39.0
-0.7692307692307692 40.0
-0.7307692307692308 41.0
-0.6923076923076923 42.0
-0.6538461538461539 43.0
-0.6153846153846154 44.0
-0.5769230769230769 45.0
-0.5384615384615384 46.0
-0.5 47.0
-0.46153846153846156 48.0
-0.42307692307692313 49.0
-0.3846153846153846 50.0
-0.34615384615384615 51.0
-0.3076923076923077 52.0
-0.2692307692307693 53.0
-0.23076923076923073 54.0
-0.1923076923076923 55.0
-0.15384615384615385 56.0
-0.11538461538461542 57.0
-0.07692307692307687 58.0
-0.038461538461538436 59.0
0.0 60.0
0.03333333333333333 61.0
0.06666666666666667 62.0
0.1 63.0
0.13333333333333333 64.0
0.16666666666666666 65.0
0.2 66.0
0.23333333333333334 67.0
0.26666666666666666 68.0
0.3 69.0
0.3333333333333333 70.0
0.36666666666666664 71.0
0.4 72.0
0.43333333333333335 73.0
0.4666666666666667 74.0
0.5 75.0
0.5333333333333333 76.0
0.5666666666666667 77.0
0.6 78.0
0.6333333333333333 79.0
0.6666666666666666 80.0
0.7 81.0
0.7333333333333333 82.0
0.7666666666666667 83.0
0.8 84.0
0.8333333333333334 85.0
0.8666666666666667 86.0
0.9 87.0
0.9333333333333333 88.0
0.9666666666666667 89.0
1.0 90.0
