-1.0 134.0
-0.9782608695652174 135.0
-0.9565217391304348 136.0
-0.9347826086956522 137.0
-0.9130434782608696 138.0
-0.8913043478260869 139.0
-0.8695652173913043 140.0
-0.8478260869565217 141.0
-0.8260869565217391 142.0
-0.8043478260869565 143.0
-0.782608695652174 144.0
-0.7608695652173914 145.0
-0.7391304347826086 146.0
-0.7173913043478262 147.0
-0.6956521739130435 148.0
-0.6739130434782609 149.0
-0.6521739130434783 150.0
-0.6304347826086957 151.0
-0.6086956521739131 152.0
-0.5869565217391304 153.0
-0.5652173913043479 154.0
-0.5434782608695652 155.0
-0.5217391304347826 156.0
-0.5 157.0
-0.4782608695652174 158.0
-0.4565217391304348 159.0
-0.4347826086956522 160.0
-0.4130434782608695 161.0
-0.3913043478260869 162.0
-0.3695652173913043 163.0
-0.34782608695652173 164.0
-0.32608695652173914 165.0
-0.30434782608695654 166.0
-0.28260869565217395 167.0
-0.26086956521739135 168.0
-0.23913043478260865 169.0
-0.21739130434782605 170.0
-0.19565217391304346 171.0
-0.17391304347826086 172.0
-0.15217391304347827 173.0
-0.13043478260869568 174.0
-0.10869565217391308 175.0
-0.08695652173913049 176.0
-0.06521739130434778 177.0
-0.04347826086956519 178.0
-0.021739130434782594 179.0
0.0 180.0
0.02 181.0
0.04 182.0
0.06 183.0
0.08 184.0
0.1 185.0
0.12 186.0
0.14 187.0
0.16 188.0
0.18 189.0
0.2 190.0
0.22 191.0
0.24 192.0
0.26 193.0
0.28 194.0
0.3 195.0
0.32 196.0
0.34 197.0
0.36 198.0
0.38 199.0
0.4 200.0
0.42 201.0
0.44 202.0
0.46 203.0
0.48 204.0
0.5 205.0
0.52 206.0
0.54 207.0
0.56 208.0
0.58 209.0
0.6 210.0
0.62 211.0
0.64 212.0
0.66 213.0
0.68 214.0
0.7 215.0
0.72 216.0
0.74 217.0
0.76 218.0
0.78 219.0
0.8 220.0
0.82 221.0
0.84 222.0
0.86 223.0
0.88 224.0
0.9 225.0
0.92 226.0
0.94 227.0
0.96 228.0
0.98 229.0
1.0 230.0
