-1.0 123.0
-0.96875 124.0
-0.9375 125.0
-0.90625 126.0
-0.875 127.0
-0.84375 128.0
-0.8125 129.0
-0.78125 130.0
-0.75 131.0
-0.71875 132.0
-0.6875 133.0
-0.65625 134.0
-0.625 135.0
-0.59375 136.0
-0.5625 137.0
-0.53125 138.0
-0.5 139.0
-0.46875 140.0
-0.4375 141.0
-0.40625 142.0
-0.375 143.0
-0.34375 144.0
-0.3125 145.0
-0.28125 146.0
-0.25 147.0
-0.21875 148.0
-0.1875 149.0
-0.15625 150.0
-0.125 151.0
-0.09375 152.0
-0.0625 153.0
-0.03125 154.0
0.0 155.0
0.022222222222222223 156.0
0.044444444444444446 157.0
0.06666666666666667 158.0
0.08888888888888889 159.0
0.1111111111111111 160.0
0.13333333333333333 161.0
0.15555555555555556 162.0
0.17777777777777778 163.0
0.2 164.0
0.2222222222222222 165.0
0.24444444444444444 166.0
0.26666666666666666 167.0
0.28888888888888886 168.0
0.3111111111111111 169.0
0.3333333333333333 170.0
0.35555555555555557 171.0
0.37777777777777777 172.0
0.4 173.0
0.4222222222222222 174.0
0.4444444444444444 175.0
0.4666666666666667 176.0
0.4888888888888889 177.0
0.5111111111111111 178.0
0.5333333333333333 179.0
0.5555555555555556 180.0
0.5777777777777777 181.0
0.6 182.0
0.6222222222222222 183.0
0.6444444444444445 184.0
0.6666666666666666 185.0
0.6888888888888889 186.0
0.7111111111111111 187.0
0.7333333333333333 188.0
0.7555555555555555 189.0
0.7777777777777778 190.0
0.8 191.0
0.8222222222222222 192.0
0.8444444444444444 193.0
0.8666666666666667 194.0
0.8888888888888888 195.0
0.9111111111111111 196.0
0.9333333333333333 197.0
0.9555555555555556 198.0
0.9777777777777777 199.0
1.0 200.0
