-1.00000000		10.0,10.0,10.0
-0.99804688		10.0,10.0,10.0
-0.99609375		10.0,10.0,10.0
-0.99414062		10.0,10.0,10.0
-0.99218750		10.0,10.0,10.0
-0.99023438		10.0,10.0,10.0
-0.98828125		10.0,10.0,10.0
-0.98632812		10.0,10.0,10.0
-0.98437500		10.0,10.0,10.0
-0.98242188		10.0,10.0,10.0
-0.98046875		10.0,10.0,10.0
-0.97851562		10.0,10.0,10.0
-0.97656250		10.0,10.0,10.0
-0.97460938		11.0,11.0,11.0
-0.97265625		11.0,11.0,11.0
-0.97070312		11.0,11.0,11.0
-0.96875000		11.0,11.0,11.0
-0.96679688		11.0,11.0,11.0
-0.96484375		11.0,11.0,11.0
-0.96289062		11.0,11.0,11.0
-0.96093750		11.0,11.0,11.0
-0.95898438		11.0,11.0,11.0
-0.95703125		11.0,11.0,11.0
-0.95507812		11.0,11.0,11.0
-0.95312500		11.0,11.0,11.0
-0.95117188		11.0,11.0,11.0
-0.94921875		11.0,11.0,11.0
-0.94726562		11.0,11.0,11.0
-0.94531250		11.0,11.0,11.0
-0.94335938		11.0,11.0,11.0
-0.94140625		11.0,11.0,11.0
-0.93945312		11.0,11.0,11.0
-0.93750000		11.0,11.0,11.0
-0.93554688		11.0,11.0,11.0
-0.93359375		11.0,11.0,11.0
-0.93164062		11.0,11.0,11.0
-0.92968750		11.0,11.0,11.0
-0.92773438		11.0,11.0,11.0
-0.92578125		11.0,11.0,11.0
-0.92382812		12.0,12.0,12.0
-0.92187500		12.0,12.0,12.0
-0.91992188		12.0,12.0,12.0
-0.91796875		12.0,12.0,12.0
-0.91601562		12.0,12.0,12.0
-0.91406250		12.0,12.0,12.0
-0.91210938		12.0,12.0,12.0
-0.91015625		12.0,12.0,12.0
-0.90820312		12.0,12.0,12.0
-0.90625000		12.0,12.0,12.0
-0.90429688		12.0,12.0,12.0
-0.90234375		12.0,12.0,12.0
-0.90039062		12.0,12.0,12.0
-0.89843750		12.0,12.0,12.0
-0.89648438		12.0,12.0,12.0
-0.89453125		12.0,12.0,12.0
-0.89257812		12.0,12.0,12.0
-0.89062500		12.0,12.0,12.0
-0.88867188		12.0,12.0,12.0
-0.88671875		12.0,12.0,12.0
-0.88476562		12.0,12.0,12.0
-0.88281250		12.0,12.0,12.0
-0.88085938		12.0,12.0,12.0
-0.87890625		12.0,12.0,12.0
-0.87695312		12.0,12.0,12.0
-0.87500000		0.0,0.0,0.0
-0.87304688		13.0,13.0,13.0
-0.87109375		13.0,13.0,13.0
-0.86914062		13.0,13.0,13.0
-0.86718750		13.0,13.0,13.0
-0.86523438		13.0,13.0,13.0
-0.86328125		13.0,13.0,13.0
-0.86132812		13.0,13.0,13.0
-0.85937500		13.0,13.0,13.0
-0.85742188		13.0,13.0,13.0
-0.85546875		13.0,13.0,13.0
-0.85351562		13.0,13.0,13.0
-0.85156250		13.0,13.0,13.0
-0.84960938		13.0,13.0,13.0
-0.84765625		13.0,13.0,13.0
-0.84570312		13.0,13.0,13.0
-0.84375000		13.0,13.0,13.0
-0.84179688		13.0,13.0,13.0
-0.83984375		13.0,13.0,13.0
-0.83789062		13.0,13.0,13.0
-0.83593750		13.0,13.0,13.0
-0.83398438		13.0,13.0,13.0
-0.83203125		13.0,13.0,13.0
-0.83007812		13.0,13.0,13.0
-0.82812500		13.0,13.0,13.0
-0.82617188		13.0,13.0,13.0
-0.82421875		14.0,14.0,14.0
-0.82226562		14.0,14.0,14.0
-0.82031250		14.0,14.0,14.0
-0.81835938		14.0,14.0,14.0
-0.81640625		14.0,14.0,14.0
-0.81445312		14.0,14.0,14.0
-0.81250000		14.0,14.0,14.0
-0.81054688		14.0,14.0,14.0
-0.80859375		14.0,14.0,14.0
-0.80664062		14.0,14.0,14.0
-0.80468750		14.0,14.0,14.0
-0.80273438		14.0,14.0,14.0
-0.80078125		14.0,14.0,14.0
-0.79882812		14.0,14.0,14.0
-0.79687500		14.0,14.0,14.0
-0.79492188		14.0,14.0,14.0
-0.79296875		14.0,14.0,14.0
-0.79101562		14.0,14.0,14.0
-0.78906250		14.0,14.0,14.0
-0.78710938		14.0,14.0,14.0
-0.78515625		14.0,14.0,14.0
-0.78320312		14.0,14.0,14.0
-0.78125000		14.0,14.0,14.0
-0.77929688		14.0,14.0,14.0
-0.77734375		14.0,14.0,14.0
-0.77539062		14.0,14.0,14.0
-0.77343750		15.0,15.0,15.0
-0.77148438		15.0,15.0,15.0
-0.76953125		15.0,15.0,15.0
-0.76757812		15.0,15.0,15.0
-0.76562500		15.0,15.0,15.0
-0.76367188		15.0,15.0,15.0
-0.76171875		15.0,15.0,15.0
-0.75976562		15.0,15.0,15.0
-0.75781250		15.0,15.0,15.0
-0.75585938		15.0,15.0,15.0
-0.75390625		15.0,15.0,15.0
-0.75195312		15.0,15.0,15.0
-0.75000000		15.0,15.0,15.0
-0.74804688		15.0,15.0,15.0
-0.74609375		15.0,15.0,15.0
-0.74414062		15.0,15.0,15.0
-0.74218750		15.0,15.0,15.0
-0.74023438		15.0,15.0,15.0
-0.73828125		15.0,15.0,15.0
-0.73632812		15.0,15.0,15.0
-0.73437500		15.0,15.0,15.0
-0.73242188		15.0,15.0,15.0
-0.73046875		15.0,15.0,15.0
-0.72851562		15.0,15.0,15.0
-0.72656250		15.0,15.0,15.0
-0.72460938		16.0,16.0,16.0
-0.72265625		16.0,16.0,16.0
-0.72070312		16.0,16.0,16.0
-0.71875000		16.0,16.0,16.0
-0.71679688		16.0,16.0,16.0
-0.71484375		16.0,16.0,16.0
-0.71289062		16.0,16.0,16.0
-0.71093750		16.0,16.0,16.0
-0.70898438		16.0,16.0,16.0
-0.70703125		16.0,16.0,16.0
-0.70507812		16.0,16.0,16.0
-0.70312500		16.0,16.0,16.0
-0.70117188		16.0,16.0,16.0
-0.69921875		16.0,16.0,16.0
-0.69726562		16.0,16.0,16.0
-0.69531250		16.0,16.0,16.0
-0.69335938		16.0,16.0,16.0
-0.69140625		16.0,16.0,16.0
-0.68945312		16.0,16.0,16.0
-0.68750000		16.0,16.0,16.0
-0.68554688		16.0,16.0,16.0
-0.68359375		16.0,16.0,16.0
-0.68164062		16.0,16.0,16.0
-0.67968750		16.0,16.0,16.0
-0.67773438		16.0,16.0,16.0
-0.67578125		16.0,16.0,16.0
-0.67382812		17.0,17.0,17.0
-0.67187500		17.0,17.0,17.0
-0.66992188		17.0,17.0,17.0
-0.66796875		17.0,17.0,17.0
-0.66601562		17.0,17.0,17.0
-0.66406250		17.0,17.0,17.0
-0.66210938		17.0,17.0,17.0
-0.66015625		17.0,17.0,17.0
-0.65820312		17.0,17.0,17.0
-0.65625000		17.0,17.0,17.0
-0.65429688		17.0,17.0,17.0
-0.65234375		17.0,17.0,17.0
-0.65039062		17.0,17.0,17.0
-0.64843750		17.0,17.0,17.0
-0.64648438		17.0,17.0,17.0
-0.64453125		17.0,17.0,17.0
-0.64257812		17.0,17.0,17.0
-0.64062500		17.0,17.0,17.0
-0.63867188		17.0,17.0,17.0
-0.63671875		17.0,17.0,17.0
-0.63476562		17.0,17.0,17.0
-0.63281250		17.0,17.0,17.0
-0.63085938		17.0,17.0,17.0
-0.62890625		17.0,17.0,17.0
-0.62695312		17.0,17.0,17.0
-0.62500000		0.0,0.0,0.0
-0.62304688		18.0,18.0,18.0
-0.62109375		18.0,18.0,18.0
-0.61914062		18.0,18.0,18.0
-0.61718750		18.0,18.0,18.0
-0.61523438		18.0,18.0,18.0
-0.61328125		18.0,18.0,18.0
-0.61132812		18.0,18.0,18.0
-0.60937500		18.0,18.0,18.0
-0.60742188		18.0,18.0,18.0
-0.60546875		18.0,18.0,18.0
-0.60351562		18.0,18.0,18.0
-0.60156250		18.0,18.0,18.0
-0.59960938		18.0,18.0,18.0
-0.59765625		18.0,18.0,18.0
-0.59570312		18.0,18.0,18.0
-0.59375000		18.0,18.0,18.0
-0.59179688		18.0,18.0,18.0
-0.58984375		18.0,18.0,18.0
-0.58789062		18.0,18.0,18.0
-0.58593750		18.0,18.0,18.0
-0.58398438		18.0,18.0,18.0
-0.58203125		18.0,18.0,18.0
-0.58007812		18.0,18.0,18.0
-0.57812500		18.0,18.0,18.0
-0.57617188		18.0,18.0,18.0
-0.57421875		19.0,19.0,19.0
-0.57226562		19.0,19.0,19.0
-0.57031250		19.0,19.0,19.0
-0.56835938		19.0,19.0,19.0
-0.56640625		19.0,19.0,19.0
-0.56445312		19.0,19.0,19.0
-0.56250000		19.0,19.0,19.0
-0.56054688		19.0,19.0,19.0
-0.55859375		19.0,19.0,19.0
-0.55664062		19.0,19.0,19.0
-0.55468750		19.0,19.0,19.0
-0.55273438		19.0,19.0,19.0
-0.55078125		19.0,19.0,19.0
-0.54882812		19.0,19.0,19.0
-0.54687500		19.0,19.0,19.0
-0.54492188		19.0,19.0,19.0
-0.54296875		19.0,19.0,19.0
-0.54101562		19.0,19.0,19.0
-0.53906250		19.0,19.0,19.0
-0.53710938		19.0,19.0,19.0
-0.53515625		19.0,19.0,19.0
-0.53320312		19.0,19.0,19.0
-0.53125000		19.0,19.0,19.0
-0.52929688		19.0,19.0,19.0
-0.52734375		19.0,19.0,19.0
-0.52539062		19.0,19.0,19.0
-0.52343750		20.0,20.0,20.0
-0.52148438		20.0,20.0,20.0
-0.51953125		20.0,20.0,20.0
-0.51757812		20.0,20.0,20.0
-0.51562500		20.0,20.0,20.0
-0.51367188		20.0,20.0,20.0
-0.51171875		20.0,20.0,20.0
-0.50976562		20.0,20.0,20.0
-0.50781250		20.0,20.0,20.0
-0.50585938		20.0,20.0,20.0
-0.50390625		20.0,20.0,20.0
-0.50195312		20.0,20.0,20.0
-0.50000000		20.0,20.0,20.0
-0.49804688		20.0,20.0,20.0
-0.49609375		20.0,20.0,20.0
-0.49414062		20.0,20.0,20.0
-0.49218750		20.0,20.0,20.0
-0.49023438		20.0,20.0,20.0
-0.48828125		20.0,20.0,20.0
-0.48632812		20.0,20.0,20.0
-0.48437500		20.0,20.0,20.0
-0.48242188		20.0,20.0,20.0
-0.48046875		20.0,20.0,20.0
-0.47851562		20.0,20.0,20.0
-0.47656250		20.0,20.0,20.0
-0.47460938		21.0,21.0,21.0
-0.47265625		21.0,21.0,21.0
-0.47070312		21.0,21.0,21.0
-0.46875000		21.0,21.0,21.0
-0.46679688		21.0,21.0,21.0
-0.46484375		21.0,21.0,21.0
-0.46289062		21.0,21.0,21.0
-0.46093750		21.0,21.0,21.0
-0.45898438		21.0,21.0,21.0
-0.45703125		21.0,21.0,21.0
-0.45507812		21.0,21.0,21.0
-0.45312500		21.0,21.0,21.0
-0.45117188		21.0,21.0,21.0
-0.44921875		21.0,21.0,21.0
-0.44726562		21.0,21.0,21.0
-0.44531250		21.0,21.0,21.0
-0.44335938		21.0,21.0,21.0
-0.44140625		21.0,21.0,21.0
-0.43945312		21.0,21.0,21.0
-0.43750000		21.0,21.0,21.0
-0.43554688		21.0,21.0,21.0
-0.43359375		21.0,21.0,21.0
-0.43164062		21.0,21.0,21.0
-0.42968750		21.0,21.0,21.0
-0.42773438		21.0,21.0,21.0
-0.42578125		21.0,21.0,21.0
-0.42382812		22.0,22.0,22.0
-0.42187500		22.0,22.0,22.0
-0.41992188		22.0,22.0,22.0
-0.41796875		22.0,22.0,22.0
-0.41601562		22.0,22.0,22.0
-0.41406250		22.0,22.0,22.0
-0.41210938		22.0,22.0,22.0
-0.41015625		22.0,22.0,22.0
-0.40820312		22.0,22.0,22.0
-0.40625000		22.0,22.0,22.0
-0.40429688		22.0,22.0,22.0
-0.40234375		22.0,22.0,22.0
-0.40039062		22.0,22.0,22.0
-0.39843750		22.0,22.0,22.0
-0.39648438		22.0,22.0,22.0
-0.39453125		22.0,22.0,22.0
-0.39257812		22.0,22.0,22.0
-0.39062500		22.0,22.0,22.0
-0.38867188		22.0,22.0,22.0
-0.38671875		22.0,22.0,22.0
-0.38476562		22.0,22.0,22.0
-0.38281250		22.0,22.0,22.0
-0.38085938		22.0,22.0,22.0
-0.37890625		22.0,22.0,22.0
-0.37695312		22.0,22.0,22.0
-0.37500000		0.0,0.0,0.0
-0.37304688		23.0,23.0,23.0
-0.37109375		23.0,23.0,23.0
-0.36914062		23.0,23.0,23.0
-0.36718750		23.0,23.0,23.0
-0.36523438		23.0,23.0,23.0
-0.36328125		23.0,23.0,23.0
-0.36132812		23.0,23.0,23.0
-0.35937500		23.0,23.0,23.0
-0.35742188		23.0,23.0,23.0
-0.35546875		23.0,23.0,23.0
-0.35351562		23.0,23.0,23.0
-0.35156250		23.0,23.0,23.0
-0.34960938		23.0,23.0,23.0
-0.34765625		23.0,23.0,23.0
-0.34570312		23.0,23.0,23.0
-0.34375000		23.0,23.0,23.0
-0.34179688		23.0,23.0,23.0
-0.33984375		23.0,23.0,23.0
-0.33789062		23.0,23.0,23.0
-0.33593750		23.0,23.0,23.0
-0.33398438		23.0,23.0,23.0
-0.33203125		23.0,23.0,23.0
-0.33007812		23.0,23.0,23.0
-0.32812500		23.0,23.0,23.0
-0.32617188		23.0,23.0,23.0
-0.32421875		24.0,24.0,24.0
-0.32226562		24.0,24.0,24.0
-0.32031250		24.0,24.0,24.0
-0.31835938		24.0,24.0,24.0
-0.31640625		24.0,24.0,24.0
-0.31445312		24.0,24.0,24.0
-0.31250000		24.0,24.0,24.0
-0.31054688		24.0,24.0,24.0
-0.30859375		24.0,24.0,24.0
-0.30664062		24.0,24.0,24.0
-0.30468750		24.0,24.0,24.0
-0.30273438		24.0,24.0,24.0
-0.30078125		24.0,24.0,24.0
-0.29882812		24.0,24.0,24.0
-0.29687500		24.0,24.0,24.0
-0.29492188		24.0,24.0,24.0
-0.29296875		24.0,24.0,24.0
-0.29101562		24.0,24.0,24.0
-0.28906250		24.0,24.0,24.0
-0.28710938		24.0,24.0,24.0
-0.28515625		24.0,24.0,24.0
-0.28320312		24.0,24.0,24.0
-0.28125000		24.0,24.0,24.0
-0.27929688		24.0,24.0,24.0
-0.27734375		24.0,24.0,24.0
-0.27539062		24.0,24.0,24.0
-0.27343750		25.0,25.0,25.0
-0.27148438		25.0,25.0,25.0
-0.26953125		25.0,25.0,25.0
-0.26757812		25.0,25.0,25.0
-0.26562500		25.0,25.0,25.0
-0.26367188		25.0,25.0,25.0
-0.26171875		25.0,25.0,25.0
-0.25976562		25.0,25.0,25.0
-0.25781250		25.0,25.0,25.0
-0.25585938		25.0,25.0,25.0
-0.25390625		25.0,25.0,25.0
-0.25195312		25.0,25.0,25.0
-0.25000000		25.0,25.0,25.0
-0.24804688		25.0,25.0,25.0
-0.24609375		25.0,25.0,25.0
-0.24414062		25.0,25.0,25.0
-0.24218750		25.0,25.0,25.0
-0.24023438		25.0,25.0,25.0
-0.23828125		25.0,25.0,25.0
-0.23632812		25.0,25.0,25.0
-0.23437500		25.0,25.0,25.0
-0.23242188		25.0,25.0,25.0
-0.23046875		25.0,25.0,25.0
-0.22851562		25.0,25.0,25.0
-0.22656250		25.0,25.0,25.0
-0.22460938		26.0,26.0,26.0
-0.22265625		26.0,26.0,26.0
-0.22070312		26.0,26.0,26.0
-0.21875000		26.0,26.0,26.0
-0.21679688		26.0,26.0,26.0
-0.21484375		26.0,26.0,26.0
-0.21289062		26.0,26.0,26.0
-0.21093750		26.0,26.0,26.0
-0.20898438		26.0,26.0,26.0
-0.20703125		26.0,26.0,26.0
-0.20507812		26.0,26.0,26.0
-0.20312500		26.0,26.0,26.0
-0.20117188		26.0,26.0,26.0
-0.19921875		26.0,26.0,26.0
-0.19726562		26.0,26.0,26.0
-0.19531250		26.0,26.0,26.0
-0.19335938		26.0,26.0,26.0
-0.19140625		26.0,26.0,26.0
-0.18945312		26.0,26.0,26.0
-0.18750000		26.0,26.0,26.0
-0.18554688		26.0,26.0,26.0
-0.18359375		26.0,26.0,26.0
-0.18164062		26.0,26.0,26.0
-0.17968750		26.0,26.0,26.0
-0.17773438		26.0,26.0,26.0
-0.17578125		26.0,26.0,26.0
-0.17382812		27.0,27.0,27.0
-0.17187500		27.0,27.0,27.0
-0.16992188		27.0,27.0,27.0
-0.16796875		27.0,27.0,27.0
-0.16601562		27.0,27.0,27.0
-0.16406250		27.0,27.0,27.0
-0.16210938		27.0,27.0,27.0
-0.16015625		27.0,27.0,27.0
-0.15820312		27.0,27.0,27.0
-0.15625000		27.0,27.0,27.0
-0.15429688		27.0,27.0,27.0
-0.15234375		27.0,27.0,27.0
-0.15039062		27.0,27.0,27.0
-0.14843750		27.0,27.0,27.0
-0.14648438		27.0,27.0,27.0
-0.14453125		27.0,27.0,27.0
-0.14257812		27.0,27.0,27.0
-0.14062500		27.0,27.0,27.0
-0.13867188		27.0,27.0,27.0
-0.13671875		27.0,27.0,27.0
-0.13476562		27.0,27.0,27.0
-0.13281250		27.0,27.0,27.0
-0.13085938		27.0,27.0,27.0
-0.12890625		27.0,27.0,27.0
-0.12695312		27.0,27.0,27.0
-0.12500000		0.0,0.0,0.0
-0.12304688		28.0,28.0,28.0
-0.12109375		28.0,28.0,28.0
-0.11914062		28.0,28.0,28.0
-0.11718750		28.0,28.0,28.0
-0.11523438		28.0,28.0,28.0
-0.11328125		28.0,28.0,28.0
-0.11132812		28.0,28.0,28.0
-0.10937500		28.0,28.0,28.0
-0.10742188		28.0,28.0,28.0
-0.10546875		28.0,28.0,28.0
-0.10351562		28.0,28.0,28.0
-0.10156250		28.0,28.0,28.0
-0.09960938		28.0,28.0,28.0
-0.09765625		28.0,28.0,28.0
-0.09570312		28.0,28.0,28.0
-0.09375000		28.0,28.0,28.0
-0.09179688		28.0,28.0,28.0
-0.08984375		28.0,28.0,28.0
-0.08789062		28.0,28.0,28.0
-0.08593750		28.0,28.0,28.0
-0.08398438		28.0,28.0,28.0
-0.08203125		28.0,28.0,28.0
-0.08007812		28.0,28.0,28.0
-0.07812500		28.0,28.0,28.0
-0.07617188		28.0,28.0,28.0
-0.07421875		29.0,29.0,29.0
-0.07226562		29.0,29.0,29.0
-0.07031250		29.0,29.0,29.0
-0.06835938		29.0,29.0,29.0
-0.06640625		29.0,29.0,29.0
-0.06445312		29.0,29.0,29.0
-0.06250000		29.0,29.0,29.0
-0.06054688		29.0,29.0,29.0
-0.05859375		29.0,29.0,29.0
-0.05664062		29.0,29.0,29.0
-0.05468750		29.0,29.0,29.0
-0.05273438		29.0,29.0,29.0
-0.05078125		29.0,29.0,29.0
-0.04882812		29.0,29.0,29.0
-0.04687500		29.0,29.0,29.0
-0.04492188		29.0,29.0,29.0
-0.04296875		29.0,29.0,29.0
-0.04101562		29.0,29.0,29.0
-0.03906250		29.0,29.0,29.0
-0.03710938		29.0,29.0,29.0
-0.03515625		29.0,29.0,29.0
-0.03320312		29.0,29.0,29.0
-0.03125000		29.0,29.0,29.0
-0.02929688		29.0,29.0,29.0
-0.02734375		29.0,29.0,29.0
-0.02539062		29.0,29.0,29.0
-0.02343750		30.0,30.0,30.0
-0.02148438		30.0,30.0,30.0
-0.01953125		30.0,30.0,30.0
-0.01757812		30.0,30.0,30.0
-0.01562500		30.0,30.0,30.0
-0.01367188		30.0,30.0,30.0
-0.01171875		30.0,30.0,30.0
-0.00976562		30.0,30.0,30.0
-0.00781250		30.0,30.0,30.0
-0.00585938		30.0,30.0,30.0
-0.00390625		30.0,30.0,30.0
-0.00195312		30.0,30.0,30.0
0.00000000		30.0,30.0,30.0
0.00195312		30.0,30.0,30.0
0.00390625		30.0,30.0,30.0
0.00585938		30.0,30.0,30.0
0.00781250		30.0,30.0,30.0
0.00976562		30.0,30.0,30.0
0.01171875		30.0,30.0,30.0
0.01367188		30.0,30.0,30.0
0.01562500		30.0,30.0,30.0
0.01757812		30.0,30.0,30.0
0.01953125		30.0,30.0,30.0
0.02148438		30.0,30.0,30.0
0.02343750		30.0,30.0,30.0
0.02539062		31.0,31.0,31.0
0.02734375		31.0,31.0,31.0
0.02929688		31.0,31.0,31.0
0.03125000		31.0,31.0,31.0
0.03320312		31.0,31.0,31.0
0.03515625		31.0,31.0,31.0
0.03710938		31.0,31.0,31.0
0.03906250		31.0,31.0,31.0
0.04101562		31.0,31.0,31.0
0.04296875		31.0,31.0,31.0
0.04492188		31.0,31.0,31.0
0.04687500		31.0,31.0,31.0
0.04882812		31.0,31.0,31.0
0.05078125		31.0,31.0,31.0
0.05273438		31.0,31.0,31.0
0.05468750		31.0,31.0,31.0
0.05664062		31.0,31.0,31.0
0.05859375		31.0,31.0,31.0
0.06054688		31.0,31.0,31.0
0.06250000		31.0,31.0,31.0
0.06445312		31.0,31.0,31.0
0.06640625		31.0,31.0,31.0
0.06835938		31.0,31.0,31.0
0.07031250		31.0,31.0,31.0
0.07226562		31.0,31.0,31.0
0.07421875		31.0,31.0,31.0
0.07617188		32.0,32.0,32.0
0.07812500		32.0,32.0,32.0
0.08007812		32.0,32.0,32.0
0.08203125		32.0,32.0,32.0
0.08398438		32.0,32.0,32.0
0.08593750		32.0,32.0,32.0
0.08789062		32.0,32.0,32.0
0.08984375		32.0,32.0,32.0
0.09179688		32.0,32.0,32.0
0.09375000		32.0,32.0,32.0
0.09570312		32.0,32.0,32.0
0.09765625		32.0,32.0,32.0
0.09960938		32.0,32.0,32.0
0.10156250		32.0,32.0,32.0
0.10351562		32.0,32.0,32.0
0.10546875		32.0,32.0,32.0
0.10742188		32.0,32.0,32.0
0.10937500		32.0,32.0,32.0
0.11132812		32.0,32.0,32.0
0.11328125		32.0,32.0,32.0
0.11523438		32.0,32.0,32.0
0.11718750		32.0,32.0,32.0
0.11914062		32.0,32.0,32.0
0.12109375		32.0,32.0,32.0
0.12304688		32.0,32.0,32.0
0.12500000		33.0,33.0,33.0
0.12695312		33.0,33.0,33.0
0.12890625		33.0,33.0,33.0
0.13085938		33.0,33.0,33.0
0.13281250		33.0,33.0,33.0
0.13476562		33.0,33.0,33.0
0.13671875		33.0,33.0,33.0
0.13867188		33.0,33.0,33.0
0.14062500		33.0,33.0,33.0
0.14257812		33.0,33.0,33.0
0.14453125		33.0,33.0,33.0
0.14648438		33.0,33.0,33.0
0.14843750		33.0,33.0,33.0
0.15039062		33.0,33.0,33.0
0.15234375		33.0,33.0,33.0
0.15429688		33.0,33.0,33.0
0.15625000		33.0,33.0,33.0
0.15820312		33.0,33.0,33.0
0.16015625		33.0,33.0,33.0
0.16210938		33.0,33.0,33.0
0.16406250		33.0,33.0,33.0
0.16601562		33.0,33.0,33.0
0.16796875		33.0,33.0,33.0
0.16992188		33.0,33.0,33.0
0.17187500		33.0,33.0,33.0
0.17382812		33.0,33.0,33.0
0.17578125		34.0,34.0,34.0
0.17773438		34.0,34.0,34.0
0.17968750		34.0,34.0,34.0
0.18164062		34.0,34.0,34.0
0.18359375		34.0,34.0,34.0
0.18554688		34.0,34.0,34.0
0.18750000		34.0,34.0,34.0
0.18945312		34.0,34.0,34.0
0.19140625		34.0,34.0,34.0
0.19335938		34.0,34.0,34.0
0.19531250		34.0,34.0,34.0
0.19726562		34.0,34.0,34.0
0.19921875		34.0,34.0,34.0
0.20117188		34.0,34.0,34.0
0.20312500		34.0,34.0,34.0
0.20507812		34.0,34.0,34.0
0.20703125		34.0,34.0,34.0
0.20898438		34.0,34.0,34.0
0.21093750		34.0,34.0,34.0
0.21289062		34.0,34.0,34.0
0.21484375		34.0,34.0,34.0
0.21679688		34.0,34.0,34.0
0.21875000		34.0,34.0,34.0
0.22070312		34.0,34.0,34.0
0.22265625		34.0,34.0,34.0
0.22460938		34.0,34.0,34.0
0.22656250		35.0,35.0,35.0
0.22851562		35.0,35.0,35.0
0.23046875		35.0,35.0,35.0
0.23242188		35.0,35.0,35.0
0.23437500		35.0,35.0,35.0
0.23632812		35.0,35.0,35.0
0.23828125		35.0,35.0,35.0
0.24023438		35.0,35.0,35.0
0.24218750		35.0,35.0,35.0
0.24414062		35.0,35.0,35.0
0.24609375		35.0,35.0,35.0
0.24804688		35.0,35.0,35.0
0.25000000		35.0,35.0,35.0
0.25195312		35.0,35.0,35.0
0.25390625		35.0,35.0,35.0
0.25585938		35.0,35.0,35.0
0.25781250		35.0,35.0,35.0
0.25976562		35.0,35.0,35.0
0.26171875		35.0,35.0,35.0
0.26367188		35.0,35.0,35.0
0.26562500		35.0,35.0,35.0
0.26757812		35.0,35.0,35.0
0.26953125		35.0,35.0,35.0
0.27148438		35.0,35.0,35.0
0.27343750		35.0,35.0,35.0
0.27539062		36.0,36.0,36.0
0.27734375		36.0,36.0,36.0
0.27929688		36.0,36.0,36.0
0.28125000		36.0,36.0,36.0
0.28320312		36.0,36.0,36.0
0.28515625		36.0,36.0,36.0
0.28710938		36.0,36.0,36.0
0.28906250		36.0,36.0,36.0
0.29101562		36.0,36.0,36.0
0.29296875		36.0,36.0,36.0
0.29492188		36.0,36.0,36.0
0.29687500		36.0,36.0,36.0
0.29882812		36.0,36.0,36.0
0.30078125		36.0,36.0,36.0
0.30273438		36.0,36.0,36.0
0.30468750		36.0,36.0,36.0
0.30664062		36.0,36.0,36.0
0.30859375		36.0,36.0,36.0
0.31054688		36.0,36.0,36.0
0.31250000		36.0,36.0,36.0
0.31445312		36.0,36.0,36.0
0.31640625		36.0,36.0,36.0
0.31835938		36.0,36.0,36.0
0.32031250		36.0,36.0,36.0
0.32226562		36.0,36.0,36.0
0.32421875		36.0,36.0,36.0
0.32617188		37.0,37.0,37.0
0.32812500		37.0,37.0,37.0
0.33007812		37.0,37.0,37.0
0.33203125		37.0,37.0,37.0
0.33398438		37.0,37.0,37.0
0.33593750		37.0,37.0,37.0
0.33789062		37.0,37.0,37.0
0.33984375		37.0,37.0,37.0
0.34179688		37.0,37.0,37.0
0.34375000		37.0,37.0,37.0
0.34570312		37.0,37.0,37.0
0.34765625		37.0,37.0,37.0
0.34960938		37.0,37.0,37.0
0.35156250		37.0,37.0,37.0
0.35351562		37.0,37.0,37.0
0.35546875		37.0,37.0,37.0
0.35742188		37.0,37.0,37.0
0.35937500		37.0,37.0,37.0
0.36132812		37.0,37.0,37.0
0.36328125		37.0,37.0,37.0
0.36523438		37.0,37.0,37.0
0.36718750		37.0,37.0,37.0
0.36914062		37.0,37.0,37.0
0.37109375		37.0,37.0,37.0
0.37304688		37.0,37.0,37.0
0.37500000		0.0,0.0,0.0
0.37695312		38.0,38.0,38.0
0.37890625		38.0,38.0,38.0
0.38085938		38.0,38.0,38.0
0.38281250		38.0,38.0,38.0
0.38476562		38.0,38.0,38.0
0.38671875		38.0,38.0,38.0
0.38867188		38.0,38.0,38.0
0.39062500		38.0,38.0,38.0
0.39257812		38.0,38.0,38.0
0.39453125		38.0,38.0,38.0
0.39648438		38.0,38.0,38.0
0.39843750		38.0,38.0,38.0
0.40039062		38.0,38.0,38.0
0.40234375		38.0,38.0,38.0
0.40429688		38.0,38.0,38.0
0.40625000		38.0,38.0,38.0
0.40820312		38.0,38.0,38.0
0.41015625		38.0,38.0,38.0
0.41210938		38.0,38.0,38.0
0.41406250		38.0,38.0,38.0
0.41601562		38.0,38.0,38.0
0.41796875		38.0,38.0,38.0
0.41992188		38.0,38.0,38.0
0.42187500		38.0,38.0,38.0
0.42382812		38.0,38.0,38.0
0.42578125		39.0,39.0,39.0
0.42773438		39.0,39.0,39.0
0.42968750		39.0,39.0,39.0
0.43164062		39.0,39.0,39.0
0.43359375		39.0,39.0,39.0
0.43554688		39.0,39.0,39.0
0.43750000		39.0,39.0,39.0
0.43945312		39.0,39.0,39.0
0.44140625		39.0,39.0,39.0
0.44335938		39.0,39.0,39.0
0.44531250		39.0,39.0,39.0
0.44726562		39.0,39.0,39.0
0.44921875		39.0,39.0,39.0
0.45117188		39.0,39.0,39.0
0.45312500		39.0,39.0,39.0
0.45507812		39.0,39.0,39.0
0.45703125		39.0,39.0,39.0
0.45898438		39.0,39.0,39.0
0.46093750		39.0,39.0,39.0
0.46289062		39.0,39.0,39.0
0.46484375		39.0,39.0,39.0
0.46679688		39.0,39.0,39.0
0.46875000		39.0,39.0,39.0
0.47070312		39.0,39.0,39.0
0.47265625		39.0,39.0,39.0
0.47460938		39.0,39.0,39.0
0.47656250		40.0,40.0,40.0
0.47851562		40.0,40.0,40.0
0.48046875		40.0,40.0,40.0
0.48242188		40.0,40.0,40.0
0.48437500		40.0,40.0,40.0
0.48632812		40.0,40.0,40.0
0.48828125		40.0,40.0,40.0
0.49023438		40.0,40.0,40.0
0.49218750		40.0,40.0,40.0
0.49414062		40.0,40.0,40.0
0.49609375		40.0,40.0,40.0
0.49804688		40.0,40.0,40.0
0.50000000		40.0,40.0,40.0
0.50195312		40.0,40.0,40.0
0.50390625		40.0,40.0,40.0
0.50585938		40.0,40.0,40.0
0.50781250		40.0,40.0,40.0
0.50976562		40.0,40.0,40.0
0.51171875		40.0,40.0,40.0
0.51367188		40.0,40.0,40.0
0.51562500		40.0,40.0,40.0
0.51757812		40.0,40.0,40.0
0.51953125		40.0,40.0,40.0
0.52148438		40.0,40.0,40.0
0.52343750		40.0,40.0,40.0
0.52539062		41.0,41.0,41.0
0.52734375		41.0,41.0,41.0
0.52929688		41.0,41.0,41.0
0.53125000		41.0,41.0,41.0
0.53320312		41.0,41.0,41.0
0.53515625		41.0,41.0,41.0
0.53710938		41.0,41.0,41.0
0.53906250		41.0,41.0,41.0
0.54101562		41.0,41.0,41.0
0.54296875		41.0,41.0,41.0
0.54492188		41.0,41.0,41.0
0.54687500		41.0,41.0,41.0
0.54882812		41.0,41.0,41.0
0.55078125		41.0,41.0,41.0
0.55273438		41.0,41.0,41.0
0.55468750		41.0,41.0,41.0
0.55664062		41.0,41.0,41.0
0.55859375		41.0,41.0,41.0
0.56054688		41.0,41.0,41.0
0.56250000		41.0,41.0,41.0
0.56445312		41.0,41.0,41.0
0.56640625		41.0,41.0,41.0
0.56835938		41.0,41.0,41.0
0.57031250		41.0,41.0,41.0
0.57226562		41.0,41.0,41.0
0.57421875		41.0,41.0,41.0
0.57617188		42.0,42.0,42.0
0.57812500		42.0,42.0,42.0
0.58007812		42.0,42.0,42.0
0.58203125		42.0,42.0,42.0
0.58398438		42.0,42.0,42.0
0.58593750		42.0,42.0,42.0
0.58789062		42.0,42.0,42.0
0.58984375		42.0,42.0,42.0
0.59179688		42.0,42.0,42.0
0.59375000		42.0,42.0,42.0
0.59570312		42.0,42.0,42.0
0.59765625		42.0,42.0,42.0
0.59960938		42.0,42.0,42.0
0.60156250		42.0,42.0,42.0
0.60351562		42.0,42.0,42.0
0.60546875		42.0,42.0,42.0
0.60742188		42.0,42.0,42.0
0.60937500		42.0,42.0,42.0
0.61132812		42.0,42.0,42.0
0.61328125		42.0,42.0,42.0
0.61523438		42.0,42.0,42.0
0.61718750		42.0,42.0,42.0
0.61914062		42.0,42.0,42.0
0.62109375		42.0,42.0,42.0
0.62304688		42.0,42.0,42.0
0.62500000		0.0,0.0,0.0
0.62695312		43.0,43.0,43.0
0.62890625		43.0,43.0,43.0
0.63085938		43.0,43.0,43.0
0.63281250		43.0,43.0,43.0
0.63476562		43.0,43.0,43.0
0.63671875		43.0,43.0,43.0
0.63867188		43.0,43.0,43.0
0.64062500		43.0,43.0,43.0
0.64257812		43.0,43.0,43.0
0.64453125		43.0,43.0,43.0
0.64648438		43.0,43.0,43.0
0.64843750		43.0,43.0,43.0
0.65039062		43.0,43.0,43.0
0.65234375		43.0,43.0,43.0
0.65429688		43.0,43.0,43.0
0.65625000		43.0,43.0,43.0
0.65820312		43.0,43.0,43.0
0.66015625		43.0,43.0,43.0
0.66210938		43.0,43.0,43.0
0.66406250		43.0,43.0,43.0
0.66601562		43.0,43.0,43.0
0.66796875		43.0,43.0,43.0
0.66992188		43.0,43.0,43.0
0.67187500		43.0,43.0,43.0
0.67382812		43.0,43.0,43.0
0.67578125		44.0,44.0,44.0
0.67773438		44.0,44.0,44.0
0.67968750		44.0,44.0,44.0
0.68164062		44.0,44.0,44.0
0.68359375		44.0,44.0,44.0
0.68554688		44.0,44.0,44.0
0.68750000		44.0,44.0,44.0
0.68945312		44.0,44.0,44.0
0.69140625		44.0,44.0,44.0
0.69335938		44.0,44.0,44.0
0.69531250		44.0,44.0,44.0
0.69726562		44.0,44.0,44.0
0.69921875		44.0,44.0,44.0
0.70117188		44.0,44.0,44.0
0.70312500		44.0,44.0,44.0
0.70507812		44.0,44.0,44.0
0.70703125		44.0,44.0,44.0
0.70898438		44.0,44.0,44.0
0.71093750		44.0,44.0,44.0
0.71289062		44.0,44.0,44.0
0.71484375		44.0,44.0,44.0
0.71679688		44.0,44.0,44.0
0.71875000		44.0,44.0,44.0
0.72070312		44.0,44.0,44.0
0.72265625		44.0,44.0,44.0
0.72460938		44.0,44.0,44.0
0.72656250		45.0,45.0,45.0
0.72851562		45.0,45.0,45.0
0.73046875		45.0,45.0,45.0
0.73242188		45.0,45.0,45.0
0.73437500		45.0,45.0,45.0
0.73632812		45.0,45.0,45.0
0.73828125		45.0,45.0,45.0
0.74023438		45.0,45.0,45.0
0.74218750		45.0,45.0,45.0
0.74414062		45.0,45.0,45.0
0.74609375		45.0,45.0,45.0
0.74804688		45.0,45.0,45.0
0.75000000		45.0,45.0,45.0
0.75195312		45.0,45.0,45.0
0.75390625		45.0,45.0,45.0
0.75585938		45.0,45.0,45.0
0.75781250		45.0,45.0,45.0
0.75976562		45.0,45.0,45.0
0.76171875		45.0,45.0,45.0
0.76367188		45.0,45.0,45.0
0.76562500		45.0,45.0,45.0
0.76757812		45.0,45.0,45.0
0.76953125		45.0,45.0,45.0
0.77148438		45.0,45.0,45.0
0.77343750		45.0,45.0,45.0
0.77539062		46.0,46.0,46.0
0.77734375		46.0,46.0,46.0
0.77929688		46.0,46.0,46.0
0.78125000		46.0,46.0,46.0
0.78320312		46.0,46.0,46.0
0.78515625		46.0,46.0,46.0
0.78710938		46.0,46.0,46.0
0.78906250		46.0,46.0,46.0
0.79101562		46.0,46.0,46.0
0.79296875		46.0,46.0,46.0
0.79492188		46.0,46.0,46.0
0.79687500		46.0,46.0,46.0
0.79882812		46.0,46.0,46.0
0.80078125		46.0,46.0,46.0
0.80273438		46.0,46.0,46.0
0.80468750		46.0,46.0,46.0
0.80664062		46.0,46.0,46.0
0.80859375		46.0,46.0,46.0
0.81054688		46.0,46.0,46.0
0.81250000		46.0,46.0,46.0
0.81445312		46.0,46.0,46.0
0.81640625		46.0,46.0,46.0
0.81835938		46.0,46.0,46.0
0.82031250		46.0,46.0,46.0
0.82226562		46.0,46.0,46.0
0.82421875		46.0,46.0,46.0
0.82617188		47.0,47.0,47.0
0.82812500		47.0,47.0,47.0
0.83007812		47.0,47.0,47.0
0.83203125		47.0,47.0,47.0
0.83398438		47.0,47.0,47.0
0.83593750		47.0,47.0,47.0
0.83789062		47.0,47.0,47.0
0.83984375		47.0,47.0,47.0
0.84179688		47.0,47.0,47.0
0.84375000		47.0,47.0,47.0
0.84570312		47.0,47.0,47.0
0.84765625		47.0,47.0,47.0
0.84960938		47.0,47.0,47.0
0.85156250		47.0,47.0,47.0
0.85351562		47.0,47.0,47.0
0.85546875		47.0,47.0,47.0
0.85742188		47.0,47.0,47.0
0.85937500		47.0,47.0,47.0
0.86132812		47.0,47.0,47.0
0.86328125		47.0,47.0,47.0
0.86523438		47.0,47.0,47.0
0.86718750		47.0,47.0,47.0
0.86914062		47.0,47.0,47.0
0.87109375		47.0,47.0,47.0
0.87304688		47.0,47.0,47.0
0.87500000		0.0,0.0,0.0
0.87695312		48.0,48.0,48.0
0.87890625		48.0,48.0,48.0
0.88085938		48.0,48.0,48.0
0.88281250		48.0,48.0,48.0
0.88476562		48.0,48.0,48.0
0.88671875		48.0,48.0,48.0
0.88867188		48.0,48.0,48.0
0.89062500		48.0,48.0,48.0
0.89257812		48.0,48.0,48.0
0.89453125		48.0,48.0,48.0
0.89648438		48.0,48.0,48.0
0.89843750		48.0,48.0,48.0
0.90039062		48.0,48.0,48.0
0.90234375		48.0,48.0,48.0
0.90429688		48.0,48.0,48.0
0.90625000		48.0,48.0,48.0
0.90820312		48.0,48.0,48.0
0.91015625		48.0,48.0,48.0
0.91210938		48.0,48.0,48.0
0.91406250		48.0,48.0,48.0
0.91601562		48.0,48.0,48.0
0.91796875		48.0,48.0,48.0
0.91992188		48.0,48.0,48.0
0.92187500		48.0,48.0,48.0
0.92382812		48.0,48.0,48.0
0.92578125		49.0,49.0,49.0
0.92773438		49.0,49.0,49.0
0.92968750		49.0,49.0,49.0
0.93164062		49.0,49.0,49.0
0.93359375		49.0,49.0,49.0
0.93554688		49.0,49.0,49.0
0.93750000		49.0,49.0,49.0
0.93945312		49.0,49.0,49.0
0.94140625		49.0,49.0,49.0
0.94335938		49.0,49.0,49.0
0.94531250		49.0,49.0,49.0
0.94726562		49.0,49.0,49.0
0.94921875		49.0,49.0,49.0
0.95117188		49.0,49.0,49.0
0.95312500		49.0,49.0,49.0
0.95507812		49.0,49.0,49.0
0.95703125		49.0,49.0,49.0
0.95898438		49.0,49.0,49.0
0.96093750		49.0,49.0,49.0
0.96289062		49.0,49.0,49.0
0.96484375		49.0,49.0,49.0
0.96679688		49.0,49.0,49.0
0.96875000		49.0,49.0,49.0
0.97070312		49.0,49.0,49.0
0.97265625		49.0,49.0,49.0
0.97460938		49.0,49.0,49.0
0.97656250		50.0,50.0,50.0
0.97851562		50.0,50.0,50.0
0.98046875		50.0,50.0,50.0
0.98242188		50.0,50.0,50.0
0.98437500		50.0,50.0,50.0
0.98632812		50.0,50.0,50.0
0.98828125		50.0,50.0,50.0
0.99023438		50.0,50.0,50.0
0.99218750		50.0,50.0,50.0
0.99414062		50.0,50.0,50.0
0.99609375		50.0,50.0,50.0
0.99804688		50.0,50.0,50.0
